0.12556306 0.11141304 0.12725225 0.19021739 0
0.13457207 0.30434783 0.09121622 0.12681159 0
0.13231982 0.49818841 0.10247748 0.16304348 0
0.12781532 0.68115942 0.11824324 0.18478261 0
0.13175676 0.88134058 0.11711712 0.17934783 0
0.37556306 0.2192029 0.10472973 0.17028986 0
0.375 0.44112319 0.11936937 0.19021739 0
0.37894144 0.67391304 0.1204955 0.18478261 0
0.38006757 0.88315217 0.11824324 0.19021739 0
0.59234234 0.47373188 0.11711712 0.18297101 0
0.69256757 0.19746377 0.11936937 0.17753623 0
0.69369369 0.68478261 0.11711712 0.16666667 0
0.69369369 0.87681159 0.11036036 0.17028986 0
