0.1 0.88015873 0.09803922 0.12539683 0
0.26715686 0.67063492 0.07745098 0.09365079 0
0.28970588 0.79444444 0.07352941 0.09047619 0
0.31372549 0.92698413 0.09411765 0.12063492 0
0.2122549 0.23492063 0.08137255 0.12380952 0
0.49313725 0.08095238 0.07843137 0.13333333 0
0.55833333 0.2547619 0.09509804 0.11587302 0
0.48333333 0.42857143 0.08235294 0.13015873 0
0.79852941 0.61666667 0.08137255 0.11587302 0
0.91372549 0.51746032 0.08039216 0.13968254 0
0.40686275 0.64365079 0.05490196 0.07460317 2
0.42254902 0.72619048 0.05490196 0.06507937 2
0.44019608 0.80634921 0.05098039 0.06031746 2
0.48823529 0.6015873 0.0627451 0.07619048 2
0.5122549 0.7015873 0.06372549 0.07936508 2
0.54460784 0.55396825 0.06372549 0.07936508 2
0.56960784 0.6515873 0.06470588 0.08412698 2
0.63137255 0.49444444 0.05686275 0.06507937 2
0.6504902 0.57619048 0.05784314 0.06349206 2
0.66911765 0.65396825 0.05588235 0.07301587 2
