0.11061947 0.11395101 0.0619469 0.1001065 0
0.19063422 0.11608094 0.08038348 0.1086262 0
0.27986726 0.10489883 0.07743363 0.11182109 0
0.36393805 0.12673056 0.07300885 0.10649627 0
0.445059 0.14483493 0.070059 0.09584665 0
0.52470501 0.12726305 0.07890855 0.11182109 0
0.61725664 0.13471778 0.06637168 0.09691161 0
0.71349558 0.12619808 0.09513274 0.13099042 0
0.80199115 0.13525027 0.07743363 0.12140575 0
0.88384956 0.13791267 0.07743363 0.10969116 0
0.07669617 0.28913738 0.08259587 0.10543131 0
0.11541298 0.56975506 0.07448378 0.08945687 0
0.11910029 0.69755059 0.08628319 0.10223642 0
0.11467552 0.82055378 0.07300885 0.09265176 0
0.59550147 0.5314164 0.04056047 0.06176784 2
0.62131268 0.58040469 0.04056047 0.05324814 2
0.56047198 0.56336528 0.04424779 0.06176784 2
0.58075221 0.61448349 0.04056047 0.05750799 2
0.50368732 0.60436635 0.0339233 0.04792332 2
0.52581121 0.65495208 0.0339233 0.04898829 2
0.47271386 0.63205538 0.0339233 0.0457934 2
0.49483776 0.68423855 0.03097345 0.04792332 2
0.44174041 0.66080937 0.03097345 0.04366347 2
0.46312684 0.7113951 0.03244838 0.04685836 2
0.37463127 0.53514377 0.02949853 0.0372737 2
0.35766962 0.49787007 0.02212389 0.0372737 2
