0.05059524 0.34117647 0.04846939 0.14509804 0
0.16581633 0.33627451 0.04591837 0.12745098 0
0.22831633 0.33627451 0.06887755 0.15882353 0
0.30187075 0.33431373 0.05102041 0.11960784 0
0.46853741 0.29607843 0.05782313 0.1372549 0
0.67602041 0.29117647 0.05952381 0.13529412 0
0.89370748 0.25392157 0.04761905 0.12352941 0
0.89030612 0.0745098 0.06632653 0.10196078 0
0.05739796 0.66666667 0.05357143 0.14901961 0
0.24532313 0.63333333 0.05867347 0.14509804 0
0.31717687 0.62647059 0.04761905 0.13921569 0
0.48979592 0.6 0.05782313 0.14901961 0
0.56760204 0.5872549 0.05867347 0.14705882 0
0.65008503 0.71960784 0.05527211 0.12941176 0
0.78358844 0.77941176 0.06717687 0.11176471 0
0.86862245 0.5627451 0.05697279 0.14509804 0
0.93792517 0.55196078 0.05782313 0.15882353 0
