0.05375 0.36352941 0.05083333 0.16235294 0
0.11125 0.35647059 0.04916667 0.15294118 0
0.1675 0.33647059 0.04833333 0.15058824 0
0.22625 0.33882353 0.0475 0.14588235 0
0.28166667 0.32705882 0.05166667 0.14588235 0
0.34 0.30941176 0.05166667 0.14352941 0
0.39708333 0.29411765 0.04416667 0.14588235 0
0.44583333 0.27176471 0.045 0.12941176 0
0.55791667 0.28235294 0.0425 0.15058824 0
0.60666667 0.26235294 0.04333333 0.14823529 0
0.6575 0.25411765 0.04333333 0.14588235 0
0.71166667 0.26235294 0.04666667 0.14823529 0
0.76 0.24823529 0.045 0.14823529 0
0.80833333 0.23529412 0.04666667 0.14588235 0
0.86 0.22588235 0.045 0.14588235 0
0.915 0.22588235 0.04166667 0.14117647 0
0.09333333 0.72588235 0.04666667 0.16235294 0
0.26791667 0.70588235 0.0575 0.16941176 0
0.32958333 0.70588235 0.03916667 0.15058824 0
0.53125 0.65647059 0.05083333 0.12705882 0
0.65 0.60823529 0.05666667 0.16705882 0
0.77083333 0.62470588 0.04333333 0.14352941 0
0.82708333 0.6 0.05583333 0.16470588 0
0.88541667 0.60352941 0.0475 0.14823529 0
0.94291667 0.57411765 0.0425 0.15529412 0
0.69708333 0.85294118 0.06916667 0.13411765 0
