0.06774194 0.27140411 0.06359447 0.13184932 0
0.15760369 0.25941781 0.06635945 0.12842466 0
0.23225806 0.24914384 0.06267281 0.11130137 0
0.30599078 0.25513699 0.06267281 0.13356164 0
0.38294931 0.25684932 0.06175115 0.12671233 0
0.58341014 0.23630137 0.06635945 0.12671233 0
0.74562212 0.22517123 0.06451613 0.11815068 0
0.89400922 0.20547945 0.05898618 0.12671233 0
0.92718894 0.10702055 0.07557604 0.10787671 0
0.10691244 0.88356164 0.06267281 0.09589041 0
0.18387097 0.85273973 0.06359447 0.12671233 0
0.26221198 0.85530822 0.07465438 0.16952055 0
0.35990783 0.86130137 0.0764977 0.1609589 0
0.46313364 0.84760274 0.07465438 0.16780822 0
0.58847926 0.82962329 0.08018433 0.15582192 0
0.6797235 0.83476027 0.07834101 0.16267123 0
0.7797235 0.82619863 0.07557604 0.16267123 0
0.88202765 0.81421233 0.0921659 0.19349315 0
0.959447 0.78681507 0.04976959 0.09417808 0
0.4718894 0.43150685 0.06267281 0.13013699 0
0.46958525 0.64041096 0.06359447 0.08219178 0
