0.11941748 0.33688525 0.06019417 0.09016393 0
0.2092233 0.34016393 0.04757282 0.09016393 0
0.28203883 0.34262295 0.05728155 0.08852459 0
0.41650485 0.34098361 0.04854369 0.07868852 0
0.57572816 0.3442623 0.05825243 0.0852459 0
0.64563107 0.34836066 0.06213592 0.08688525 0
0.77912621 0.34016393 0.05533981 0.08032787 0
0.08834951 0.61885246 0.05825243 0.09344262 0
0.24368932 0.61721311 0.06213592 0.09672131 0
0.57815534 0.67540984 0.0631068 0.11147541 0
0.66019417 0.64344262 0.04466019 0.1 0
0.74174757 0.63114754 0.04660194 0.10491803 0
0.92281553 0.61803279 0.0592233 0.10491803 0
