0.05099395 0.51391304 0.06568712 0.13043478 0
0.12489196 0.43826087 0.0613656 0.12521739 0
0.21175454 0.52869565 0.0622299 0.14608696 0
0.28738116 0.44086957 0.0613656 0.12 0
0.40751945 0.52608696 0.0613656 0.15478261 0
0.47104581 0.45478261 0.06395851 0.11304348 0
0.56352636 0.55304348 0.06741573 0.13565217 0
0.6218669 0.4626087 0.06482282 0.11826087 0
0.72169404 0.55130435 0.06741573 0.12173913 0
0.77571305 0.46695652 0.06309421 0.11652174 0
0.87770095 0.56434783 0.07000864 0.1373913 0
0.92696629 0.48173913 0.05963699 0.11826087 0
