0.11909175 0.13060278 0.08989805 0.13137558 0
0.10426321 0.40958269 0.08619092 0.12673879 0
0.10101946 0.54559505 0.0871177 0.12673879 0
0.25903614 0.10896445 0.0639481 0.12828439 0
0.26506024 0.25425039 0.07784986 0.13446677 0
0.2673772 0.40030912 0.08989805 0.12982998 0
0.25625579 0.54714065 0.0639481 0.12982998 0
0.27062095 0.69706337 0.0871177 0.12673879 0
0.2673772 0.8438949 0.08804449 0.12673879 0
0.48378128 0.69397218 0.07784986 0.13292117 0
0.48192771 0.85085008 0.07784986 0.12210201 0
0.69230769 0.08578053 0.06116775 0.13137558 0
0.6978684 0.23338485 0.07414272 0.12982998 0
0.69601483 0.5316847 0.07599629 0.12982998 0
0.69694161 0.70247295 0.07599629 0.13137558 0
0.90917516 0.23647604 0.07784986 0.12673879 0
0.90963855 0.38176198 0.08063021 0.12673879 0
0.9068582 0.52936631 0.08248378 0.13137558 0
0.90361446 0.8446677 0.07970343 0.14064915 0
