0.33067542 0.09443631 0.09849906 0.13909224 0
0.23123827 0.18374817 0.08536585 0.13323572 0
0.15009381 0.32210835 0.08442777 0.13762811 0
0.17073171 0.59150805 0.0619137 0.11127379 0
0.26407129 0.56295754 0.08724203 0.13616398 0
0.3663227 0.5102489 0.09287054 0.1420205 0
0.46857411 0.46852123 0.08724203 0.14934114 0
0.57270169 0.44509517 0.08724203 0.14934114 0
0.69090056 0.43045388 0.09662289 0.14934114 0
0.18198874 0.8704246 0.07317073 0.13030747 0
0.35365854 0.82357247 0.0619137 0.11859444 0
0.46153846 0.8579795 0.08818011 0.15812592 0
0.57973734 0.85358712 0.10318949 0.1727672 0
0.69981238 0.80746706 0.09193246 0.18008785 0
0.80722326 0.76939971 0.08348968 0.13909224 0
0.91463415 0.74084919 0.07879925 0.14641288 0
