0.10875842 0.17565485 0.07507218 0.1633282 0
0.10875842 0.44761171 0.0827719 0.13097072 0
0.12319538 0.75346687 0.1039461 0.14791988 0
0.28537055 0.15254237 0.07795958 0.14175655 0
0.36333013 0.3366718 0.08758422 0.13405239 0
0.36092397 0.47303544 0.1039461 0.13559322 0
0.36525505 0.61171032 0.08180943 0.13251156 0
0.37872955 0.88906009 0.08373436 0.13251156 0
0.64244466 0.20338983 0.0798845 0.11402157 0
0.6400385 0.32896764 0.07892204 0.13713405 0
0.66313763 0.58782743 0.1039461 0.15562404 0
0.78200192 0.1155624 0.07410972 0.14483821 0
0.86766121 0.42372881 0.10490857 0.14175655 0
0.87776708 0.68875193 0.1039461 0.13251156 0
