0.16291533 0.0982659 0.10289389 0.11271676 0
0.15916399 0.23265896 0.10610932 0.11271676 0
0.15594855 0.36849711 0.09967846 0.11271676 0
0.16345123 0.5 0.0846731 0.08092486 0
0.16237942 0.63872832 0.09324759 0.0982659 0
0.1602358 0.76734104 0.10182208 0.12138728 0
0.15862808 0.90317919 0.10503751 0.11849711 0
0.37566988 0.07297688 0.09753483 0.12861272 0
0.36977492 0.24927746 0.09003215 0.1083815 0
0.3676313 0.43930636 0.09217578 0.10693642 0
0.36870311 0.59537572 0.10289389 0.12427746 0
0.36923901 0.75289017 0.10182208 0.12138728 0
0.37459807 0.90390173 0.09324759 0.11705202 0
0.62861736 0.07153179 0.09967846 0.1083815 0
0.62754555 0.23554913 0.09324759 0.10982659 0
0.62700965 0.42485549 0.09646302 0.12138728 0
0.55144695 0.61921965 0.09967846 0.12861272 0
0.62647374 0.76589595 0.10182208 0.11271676 0
0.62915327 0.89523121 0.10289389 0.1083815 0
0.83869239 0.23193642 0.07824223 0.08236994 0
