0.05455455 0.3476874 0.05905906 0.07974482 0
0.11711712 0.22727273 0.07207207 0.09728868 0
0.16116116 0.11722488 0.08008008 0.10685805 0
0.24024024 0.11483254 0.04804805 0.08931419 0
0.32782783 0.10526316 0.07107107 0.11164274 0
0.40890891 0.09489633 0.06106106 0.09728868 0
0.07657658 0.52232855 0.07707708 0.1291866 0
0.15215215 0.5877193 0.07007007 0.13556619 0
0.24824825 0.39393939 0.08408408 0.09888357 0
0.35035035 0.33253589 0.06006006 0.11004785 0
0.43793794 0.31658692 0.06106106 0.10366826 0
0.51951952 0.32376396 0.08008008 0.13716108 0
0.60960961 0.32535885 0.06006006 0.10207337 0
0.69469469 0.31180223 0.07807808 0.1291866 0
0.88688689 0.35007974 0.04804805 0.09409888 0
0.39489489 0.64912281 0.07507508 0.14035088 0
0.49299299 0.64513557 0.07707708 0.13875598 0
0.58308308 0.64433812 0.08708709 0.14673046 0
0.41941942 0.89792663 0.08808809 0.15629984 0
0.52002002 0.88437002 0.07707708 0.1323764 0
0.61911912 0.89154705 0.07907908 0.15311005 0
0.68018018 0.64752791 0.08308308 0.12440191 0
0.71521522 0.89393939 0.08108108 0.14513557 0
0.81131131 0.88596491 0.08508509 0.15789474 0
0.91391391 0.62759171 0.05605606 0.09728868 0
