0.10008271 0.15595075 0.06286187 0.08207934 0
0.07857734 0.30300958 0.0942928 0.12175103 0
0.08271299 0.45827633 0.09760132 0.12311902 0
0.08064516 0.61149111 0.05210918 0.09028728 0
0.05169562 0.70383037 0.06534326 0.07797538 0
0.04921423 0.81600547 0.07030604 0.08071135 0
0.31555004 0.08344733 0.06203474 0.07934337 0
0.30272953 0.19493844 0.06947891 0.08071135 0
0.31348222 0.30779754 0.07278743 0.08207934 0
0.29197684 0.51162791 0.06451613 0.0875513 0
0.2783292 0.62927497 0.07692308 0.08481532 0
0.31472291 0.73871409 0.07361456 0.08207934 0
0.21629446 0.82831737 0.0471464 0.11354309 0
0.32009926 0.8495212 0.06451613 0.11491108 0
0.64640199 0.16005472 0.06203474 0.07387141 0
0.63854425 0.26675787 0.05789909 0.07387141 0
0.62985939 0.37004104 0.063689 0.06976744 0
0.59181141 0.4753762 0.05707196 0.09712722 0
0.61373036 0.58618331 0.07113317 0.08344733 0
0.60504549 0.77701778 0.063689 0.08481532 0
0.60587262 0.9001368 0.06203474 0.09302326 0
0.67493797 0.90287278 0.05955335 0.07387141 0
0.85318445 0.06087551 0.07030604 0.08891929 0
0.82588916 0.1744186 0.07361456 0.07797538 0
0.86269644 0.26470588 0.06947891 0.07797538 0
0.8655914 0.3871409 0.063689 0.10123119 0
0.83043838 0.52941176 0.08933002 0.08207934 0
0.87220844 0.63679891 0.07692308 0.07797538 0
0.87551696 0.750342 0.05872622 0.08071135 0
0.8738627 0.90218878 0.05210918 0.10807114 0
0.95450786 0.36730506 0.05459057 0.11901505 0
