0.1 0.46176471 0.05701357 0.08235294 0
0.16742081 0.46911765 0.04705882 0.10294118 0
0.23574661 0.44632353 0.05520362 0.09852941 0
0.30542986 0.45220588 0.05339367 0.10735294 0
0.44705882 0.43088235 0.05429864 0.09117647 0
0.49095023 0.34117647 0.06425339 0.09117647 0
0.59366516 0.15808824 0.05972851 0.07794118 0
0.62488688 0.06691176 0.06968326 0.09852941 0
0.07466063 0.81176471 0.0479638 0.07941176 0
0.20995475 0.85367647 0.05791855 0.09558824 0
0.35067873 0.89411765 0.04977376 0.05882353 0
0.66244344 0.47720588 0.06515837 0.08382353 0
0.71221719 0.38970588 0.0561086 0.1 0
0.95248869 0.63897059 0.05882353 0.10735294 0
