0.08507605 0.16040689 0.07509506 0.10485133 0
0.10646388 0.46165884 0.08935361 0.14397496 0
0.19724335 0.47965571 0.04657795 0.08920188 0
0.28992395 0.47887324 0.08555133 0.15023474 0
0.378327 0.43270736 0.06273764 0.07981221 0
0.42870722 0.29499218 0.08365019 0.12363067 0
0.53897338 0.19092332 0.08365019 0.1627543 0
0.628327 0.20344288 0.0513308 0.11267606 0
0.69819392 0.21126761 0.05038023 0.09389671 0
0.7884981 0.22300469 0.06939163 0.15492958 0
0.86692015 0.2143975 0.04942966 0.10641628 0
0.93773764 0.22535211 0.05038023 0.11893584 0
0.09505703 0.8458529 0.07604563 0.13928013 0
0.18060837 0.82316119 0.07604563 0.14710485 0
0.27851711 0.83255086 0.07414449 0.13458529 0
0.37024715 0.91236307 0.05228137 0.06259781 0
0.68631179 0.54381847 0.0513308 0.09233177 0
0.74762357 0.55086072 0.04657795 0.09389671 0
0.80988593 0.55320814 0.0418251 0.09233177 0
0.86882129 0.55633803 0.04562738 0.0829421 0
0.67965779 0.85915493 0.04372624 0.07198748 0
0.80038023 0.86776213 0.04942966 0.06729264 0
