0.08780488 0.16522491 0.0702439 0.11245675 0
0.08731707 0.45069204 0.06926829 0.11245675 0
0.08439024 0.74567474 0.06926829 0.11072664 0
0.0902439 0.89792388 0.08292683 0.11418685 0
0.31804878 0.31055363 0.08 0.08477509 0
0.31512195 0.63408304 0.06243902 0.07093426 0
0.31121951 0.75692042 0.07804878 0.08477509 0
0.33170732 0.91089965 0.05853659 0.07785467 0
0.40536585 0.47577855 0.05560976 0.14186851 0
0.49268293 0.22145329 0.05268293 0.1349481 0
0.58195122 0.54930796 0.08487805 0.08131488 0
0.59121951 0.66349481 0.06439024 0.07785467 0
0.60487805 0.77508651 0.0604878 0.07612457 0
0.8297561 0.35726644 0.06536585 0.11591696 0
0.82439024 0.56747405 0.05463415 0.06920415 0
0.81756098 0.68079585 0.0604878 0.06747405 0
0.84243902 0.91262976 0.05170732 0.08477509 0
0.92097561 0.9083045 0.04682927 0.10034602 0
