0.19315673 0.44214373 0.07505519 0.07308161 0
0.2897351 0.46224117 0.07615894 0.07186358 0
0.12527594 0.60231425 0.08057395 0.0816078 0
0.22626932 0.62241169 0.0816777 0.08282582 0
0.0607064 0.71437272 0.07726269 0.07186358 0
0.41887417 0.66321559 0.08057395 0.0816078 0
0.42770419 0.81181486 0.0584989 0.10840438 0
0.5093819 0.82704019 0.0584989 0.1047503 0
0.60761589 0.83495737 0.04966887 0.07917174 0
0.68377483 0.55602923 0.04966887 0.06942753 0
0.75220751 0.56516443 0.04304636 0.06577345 0
0.95143488 0.727162 0.08388521 0.07795371 0
