0.26669802 0.48745819 0.275635 0.43979933 6
0.56491063 0.67892977 0.04609595 0.0735786 4
0.59125118 0.71153846 0.04421449 0.0819398 4
0.61618062 0.74247492 0.04139229 0.10033445 4
0.64581373 0.77926421 0.04609595 0.10033445 4
0.67450611 0.81187291 0.04327375 0.09866221 4
0.69849483 0.840301 0.04045155 0.09531773 4
0.61241769 0.57859532 0.03951082 0.08361204 4
0.63687676 0.60367893 0.03386642 0.08695652 4
0.66274694 0.63545151 0.04233302 0.09698997 4
0.68908749 0.66471572 0.04421449 0.09866221 4
0.71825024 0.69983278 0.04233302 0.09197324 4
0.74365005 0.72909699 0.03857008 0.090301 4
0.84524929 0.56354515 0.16839135 0.18394649 3
