0.35072595 0.09090909 0.09346642 0.0754717 7
0.45598911 0.09948542 0.11705989 0.07204117 7
0.34528131 0.19897084 0.11161525 0.0754717 7
0.46869328 0.17409949 0.14246824 0.09090909 7
0.33711434 0.32675815 0.11887477 0.07375643 7
0.49637024 0.30274443 0.17604356 0.07718696 7
0.34891107 0.44425386 0.14065336 0.07204117 7
0.51905626 0.43996569 0.11252269 0.08404803 7
0.40290381 0.56946827 0.20145191 0.05145798 7
0.4446461 0.66895369 0.13611615 0.06174957 7
0.63112523 0.45969125 0.06261343 0.12006861 7
0.54128857 0.70497427 0.0553539 0.1406518 7
