0.40968064 0.11056106 0.1746507 0.15181518 7
0.41566866 0.18151815 0.17065868 0.12541254 7
0.58982036 0.10808581 0.13173653 0.12706271 7
0.4496008 0.29372937 0.18862275 0.15841584 7
0.86177645 0.09653465 0.15668663 0.11056106 7
0.85728543 0.23844884 0.1756487 0.12376238 7
0.83882236 0.38778878 0.1746507 0.12871287 7
0.8243513 0.53547855 0.11776447 0.11716172 7
0.60179641 0.37128713 0.04590818 0.14851485 1
0.10978044 0.69389439 0.04590818 0.08745875 4
0.14520958 0.67656766 0.04491018 0.07920792 4
0.12175649 0.81188119 0.0499002 0.09570957 4
0.15568862 0.79042904 0.04590818 0.0990099 4
0.19610778 0.77062706 0.04491018 0.09570957 4
0.22904192 0.75412541 0.04491018 0.09240924 4
