0.04663518 0.39372822 0.04368359 0.14634146 7
0.10920897 0.40243902 0.05076741 0.16724739 7
0.16883117 0.40069686 0.05194805 0.16724739 7
0.23553719 0.39372822 0.04840614 0.16027875 7
0.30401417 0.38937282 0.05076741 0.15853659 7
0.37898465 0.38066202 0.06139315 0.16202091 7
0.4527745 0.37543554 0.06257379 0.17247387 7
0.53246753 0.37020906 0.0661157 0.15853659 7
0.63990555 0.36585366 0.07319953 0.16724739 7
0.73612751 0.3597561 0.09090909 0.18292683 7
0.86127509 0.36062718 0.08382527 0.1533101 7
0.95631641 0.35278746 0.07792208 0.15853659 7
