0.36115506 0.3591692 0.02768987 0.1266464 1
0.48575949 0.45339412 0.03639241 0.07801418 1
0.63488924 0.73657548 0.04825949 0.09321175 1
0.73813291 0.11904762 0.06170886 0.0881459 1
0.79153481 0.41438703 0.07041139 0.09929078 1
0.10640823 0.05217832 0.05458861 0.07193516 2
0.1602057 0.0633232 0.05142405 0.06990881 2
0.21598101 0.07446809 0.05221519 0.06788247 2
0.27017405 0.08510638 0.04984177 0.07092199 2
0.04113924 0.10385005 0.0443038 0.05775076 2
0.03995253 0.16818642 0.04351266 0.06079027 2
0.04509494 0.23353597 0.03797468 0.05167173 2
0.04351266 0.2887538 0.03797468 0.04660588 2
0.11234177 0.20010132 0.03797468 0.05369807 2
0.14992089 0.20719352 0.03718354 0.05167173 2
0.10957278 0.25025329 0.03718354 0.04863222 2
0.14794304 0.25734549 0.03797468 0.04863222 2
0.10759494 0.29989868 0.03639241 0.05065856 2
0.14636076 0.3064843 0.03797468 0.04964539 2
0.20094937 0.21580547 0.03797468 0.04863222 2
0.23892405 0.22289767 0.03639241 0.04863222 2
0.27689873 0.22998987 0.03955696 0.04660588 2
0.19778481 0.26545086 0.03797468 0.05471125 2
0.23536392 0.27355623 0.03876582 0.0526849 2
0.27412975 0.27963526 0.03876582 0.0526849 2
0.19382911 0.31661601 0.03797468 0.05167173 2
0.23299051 0.32218845 0.03718354 0.0526849 2
0.27017405 0.32978723 0.03718354 0.05369807 2
0.19462025 0.44934144 0.0443038 0.0597771 2
0.24723101 0.45694022 0.04193038 0.05673759 2
0.10522152 0.12715299 0.05063291 0.06788247 2
0.15743671 0.13677812 0.05063291 0.07092199 2
0.21242089 0.14488349 0.05142405 0.0668693 2
0.26542722 0.15602837 0.04984177 0.06889564 2
0.04311709 0.02988855 0.04825949 0.04154002 2
