0.13064236 0.09836066 0.07725694 0.03278689 1
0.38888889 0.09687034 0.07986111 0.03576751 1
0.47960069 0.09985097 0.07725694 0.03576751 1
0.05164931 0.18926975 0.04079861 0.11326379 1
0.10286458 0.65648286 0.07899306 0.0342772 1
0.27387153 0.69821162 0.06510417 0.03129657 1
0.49782986 0.90387481 0.0234375 0.13561848 1
0.73567708 0.6661699 0.07378472 0.03576751 1
0.87109375 0.70640835 0.05642361 0.09538003 1
0.48003472 0.23099851 0.04513889 0.07749627 2
0.47960069 0.31445604 0.04600694 0.07451565 2
0.47743056 0.39195231 0.04513889 0.07451565 2
0.60199653 0.31669151 0.04253472 0.07302534 2
0.6015625 0.39344262 0.04166667 0.07451565 2
0.65885417 0.38301043 0.046875 0.07749627 2
0.71006944 0.38375559 0.04513889 0.07600596 2
