0.51169888 0.27613105 0.04476094 0.07800312 1
0.59969481 0.40951638 0.04577823 0.07644306 1
0.57171923 0.54602184 0.05900305 0.09672387 1
0.54577823 0.58346334 0.06612411 0.10920437 1
0.46897253 0.68174727 0.05289929 0.09048362 1
0.54832146 0.1349454 0.0508647 0.08268331 2
0.64852492 0.11232449 0.05595117 0.08424337 2
0.63072228 0.23478939 0.05289929 0.07956318 2
0.73245168 0.16068643 0.05289929 0.08112324 2
0.71159715 0.30967239 0.05391658 0.08268331 2
0.82553408 0.21684867 0.05391658 0.08424337 2
0.80925738 0.33775351 0.05391658 0.08268331 2
0.79043744 0.48283931 0.05289929 0.07956318 2
0.91403866 0.30577223 0.05595117 0.08112324 2
0.89216684 0.44929797 0.0508647 0.08424337 2
0.79298067 0.48595944 0.05391658 0.08580343 2
0.86317396 0.67316693 0.04984741 0.07956318 2
0.93997965 0.69734789 0.04883011 0.07800312 2
0.85045778 0.74726989 0.04883011 0.07800312 2
0.92777213 0.76833073 0.04883011 0.07644306 2
0.83774161 0.83073323 0.05188199 0.07956318 2
0.91302136 0.85803432 0.04781282 0.08112324 2
0.44201424 0.90639626 0.05188199 0.08112324 2
