0.66135663 0.50474898 0.04008222 0.10312076 1
0.81500514 0.31411126 0.03905447 0.0936228 1
0.78520041 0.62483039 0.04316547 0.10176391 1
0.63206578 0.69470828 0.04522097 0.0651289 2
0.60277492 0.74694708 0.04419322 0.06377205 2
0.69784173 0.75915875 0.04316547 0.06377205 2
0.66957862 0.81275441 0.04213772 0.06784261 2
0.74254882 0.81614654 0.04624872 0.06648575 2
0.71171634 0.8697422 0.04213772 0.0651289 2
0.45015416 0.91519674 0.04522097 0.06377205 2
0.50822199 0.91858887 0.04624872 0.05970149 2
