0.49548193 0.37680115 0.07128514 0.09654179 1
0.80371486 0.2759366 0.06927711 0.04755043 1
0.16465863 0.42579251 0.07630522 0.07060519 1
0.05773092 0.77881844 0.06726908 0.03314121 1
0.2560241 0.13472622 0.0562249 0.08213256 2
0.30220884 0.16570605 0.0562249 0.08069164 2
0.13704819 0.7240634 0.03514056 0.05043228 2
0.17319277 0.72478386 0.03714859 0.05475504 2
0.20883534 0.72334294 0.03614458 0.0518732 2
0.2439759 0.72478386 0.03614458 0.05475504 2
0.15060241 0.78602305 0.04016064 0.05043228 2
0.18674699 0.78386167 0.03815261 0.05475504 2
0.22339357 0.78674352 0.03714859 0.05475504 2
0.25903614 0.78674352 0.03815261 0.0518732 2
0.20883534 0.8443804 0.03815261 0.04899135 2
0.25251004 0.84942363 0.04116466 0.05907781 2
0.20833333 0.8962536 0.03714859 0.05763689 2
0.25251004 0.90417867 0.03714859 0.05043228 2
0.07178715 0.95461095 0.03714859 0.05619597 2
