0.84046891 0.40116279 0.09683996 0.05555556 1
0.35270133 0.52390181 0.0285423 0.09431525 1
0.17227319 0.26744186 0.04077472 0.05167959 2
0.16819572 0.31007752 0.03058104 0.03875969 2
0.16717635 0.35271318 0.03058104 0.03875969 2
0.21406728 0.30490956 0.0509684 0.06976744 2
0.26503568 0.30620155 0.05300714 0.06976744 2
0.20998981 0.37080103 0.05300714 0.06718346 2
0.26146789 0.37338501 0.05606524 0.06976744 2
0.16004077 0.43475452 0.02650357 0.0374677 2
0.18399592 0.43669251 0.02752294 0.04392765 2
0.2069317 0.43927649 0.0285423 0.04134367 2
0.23037717 0.44056848 0.02650357 0.04134367 2
0.25382263 0.44315245 0.02650357 0.04134367 2
0.27879715 0.44379845 0.02752294 0.04521964 2
