0.12191358 0.21169355 0.09979424 0.04704301 1
0.72325103 0.75201613 0.03703704 0.15994624 1
0.89454733 0.63844086 0.04835391 0.12903226 1
0.27469136 0.57258065 0.03703704 0.0483871 2
0.31532922 0.6202957 0.0462963 0.0577957 2
0.30864198 0.52688172 0.03703704 0.05107527 2
0.34773663 0.57526882 0.03909465 0.05107527 2
0.343107 0.47782258 0.03806584 0.05241935 2
0.38323045 0.52688172 0.04012346 0.0483871 2
0.375 0.43212366 0.03806584 0.05241935 2
0.41512346 0.48051075 0.03806584 0.04973118 2
0.41306584 0.3702957 0.031893 0.04973118 2
0.44444444 0.40793011 0.03497942 0.04704301 2
0.48302469 0.36357527 0.03395062 0.04435484 2
0.51903292 0.16532258 0.02777778 0.03763441 2
0.61831276 0.1780914 0.03497942 0.05241935 2
0.64351852 0.14516129 0.03600823 0.04569892 2
0.67541152 0.20026882 0.03395062 0.04569892 2
