0.07233796 0.5807393 0.03935185 0.05836576 2
0.07349537 0.65564202 0.04861111 0.07392996 2
0.07494213 0.76653696 0.04571759 0.07198444 2
0.07494213 0.85068093 0.04803241 0.0729572 2
0.13744213 0.70963035 0.04571759 0.07101167 2
0.13599537 0.78356031 0.04513889 0.0729572 2
0.13744213 0.86089494 0.04918981 0.07003891 2
0.1947338 0.70379377 0.04571759 0.07490272 2
0.1947338 0.78161479 0.04803241 0.0729572 2
0.26041667 0.70476654 0.04861111 0.07879377 2
0.26215278 0.78307393 0.04861111 0.08171206 2
0.26186343 0.88180934 0.05034722 0.07684825 2
0.31336806 0.70038911 0.046875 0.07587549 2
0.31278935 0.7811284 0.04803241 0.07782101 2
0.3744213 0.69114786 0.04282407 0.06128405 2
0.37615741 0.75632296 0.04050926 0.06322957 2
0.37702546 0.83463035 0.04108796 0.06420233 2
0.37702546 0.90077821 0.04108796 0.06225681 2
0.41753472 0.68871595 0.03993056 0.06420233 2
0.41608796 0.75632296 0.04050926 0.05933852 2
0.41956019 0.82928016 0.03935185 0.057393 2
0.41869213 0.89980545 0.04108796 0.06420233 2
0.48032407 0.70184825 0.03935185 0.06128405 2
0.52025463 0.70428016 0.03703704 0.06420233 2
0.48206019 0.80107004 0.04398148 0.07879377 2
0.47193287 0.89250973 0.04340278 0.06712062 2
0.51967593 0.89250973 0.04513889 0.0729572 2
0.4994213 0.45038911 0.04398148 0.07003891 2
0.54456019 0.47568093 0.04398148 0.07003891 2
0.6009838 0.4688716 0.04571759 0.07782101 2
0.64670139 0.46984436 0.046875 0.07587549 2
0.57378472 0.32003891 0.04340278 0.06225681 2
0.64438657 0.35359922 0.04108796 0.05933852 2
0.70225694 0.28842412 0.04340278 0.06712062 2
0.74421296 0.31420233 0.03240741 0.06031128 2
0.73177083 0.36040856 0.03645833 0.05544747 2
0.77633102 0.35603113 0.04108796 0.06420233 2
0.60619213 0.68093385 0.04456019 0.07587549 2
0.57581019 0.78988327 0.03935185 0.05642023 2
0.57349537 0.84095331 0.03472222 0.057393 2
0.57581019 0.89250973 0.03935185 0.06128405 2
0.62094907 0.78501946 0.03587963 0.05836576 2
0.62008102 0.84338521 0.03761574 0.05252918 2
0.62008102 0.89007782 0.03761574 0.05252918 2
0.67418981 0.79085603 0.04513889 0.07003891 2
0.67390046 0.86089494 0.04456019 0.06420233 2
0.72743056 0.79085603 0.03819444 0.05836576 2
0.72511574 0.85797665 0.03935185 0.05836576 2
0.78327546 0.82782101 0.04571759 0.07392996 2
0.84259259 0.78210117 0.03819444 0.05252918 2
0.84085648 0.83754864 0.03472222 0.05836576 2
0.88483796 0.77577821 0.04282407 0.05544747 2
0.88368056 0.82636187 0.04166667 0.06322957 2
0.93113426 0.80885214 0.03819444 0.05933852 2
0.96643519 0.77577821 0.03935185 0.06128405 2
0.28935185 0.34581712 0.05671296 0.10797665 1
0.45515046 0.11867704 0.06539352 0.12451362 1
0.61574074 0.26021401 0.03935185 0.06322957 2
