0.25665509 0.23243802 0.03993056 0.06818182 2
0.30034722 0.23088843 0.04166667 0.07128099 2
0.36689815 0.23450413 0.04166667 0.07231405 2
0.36487269 0.3052686 0.03761574 0.07128099 2
0.43287037 0.15495868 0.04513889 0.07438017 2
0.42997685 0.23450413 0.04282407 0.07231405 2
0.41724537 0.30836777 0.04166667 0.07128099 2
0.50636574 0.14411157 0.0474537 0.07747934 2
0.5072338 0.22417355 0.04571759 0.07438017 2
0.50491898 0.3052686 0.046875 0.07747934 2
0.57696759 0.14359504 0.04513889 0.08057851 2
0.57667824 0.22262397 0.04571759 0.07747934 2
0.57552083 0.30733471 0.046875 0.08161157 2
0.65248843 0.14514463 0.046875 0.07747934 2
0.65364583 0.22572314 0.046875 0.07747934 2
0.65393519 0.30733471 0.0462963 0.07954545 2
0.7103588 0.13068182 0.03761574 0.06095041 2
0.71238426 0.18904959 0.03819444 0.06198347 2
0.26070602 0.58006198 0.04803241 0.0857438 2
0.26099537 0.65960744 0.04861111 0.07747934 2
0.31597222 0.58264463 0.04861111 0.08057851 2
0.31684028 0.65857438 0.046875 0.07747934 2
0.16174769 0.7768595 0.05150463 0.08884298 2
0.16984954 0.85847107 0.046875 0.08677686 2
0.20833333 0.77376033 0.04513889 0.08884298 2
0.21209491 0.875 0.04108796 0.07438017 2
0.24131944 0.82902893 0.03819444 0.07128099 2
0.28703704 0.77634298 0.04166667 0.07128099 2
0.31076389 0.83057851 0.03472222 0.06198347 2
0.28674769 0.87448347 0.04571759 0.07541322 2
0.36921296 0.78615702 0.05092593 0.08264463 2
0.36892361 0.86673554 0.05034722 0.08264463 2
0.42708333 0.77944215 0.04513889 0.07747934 2
0.42476852 0.86260331 0.0462963 0.08057851 2
0.48090278 0.81559917 0.05555556 0.07954545 2
0.42853009 0.42303719 0.046875 0.08367769 2
0.42824074 0.50619835 0.0474537 0.08057851 2
0.43084491 0.58780992 0.05150463 0.08264463 2
0.42997685 0.66012397 0.04398148 0.06818182 2
0.5078125 0.42665289 0.05034722 0.0785124 2
0.50405093 0.5072314 0.04861111 0.08264463 2
0.50752315 0.58677686 0.04513889 0.08057851 2
0.50462963 0.66528926 0.04282407 0.07024793 2
0.5775463 0.42561983 0.04976852 0.08057851 2
0.57725694 0.50619835 0.046875 0.08057851 2
0.6634838 0.43285124 0.04456019 0.0785124 2
