0.1858618 0.12012195 0.05242256 0.07682927 2
0.1858618 0.2054878 0.05242256 0.08170732 2
0.1858618 0.33170732 0.05242256 0.07560976 2
0.1858618 0.41890244 0.05242256 0.08414634 2
0.23351867 0.11585366 0.050834 0.0804878 2
0.23351867 0.2054878 0.050834 0.07926829 2
0.23351867 0.33170732 0.050834 0.07560976 2
0.23351867 0.41890244 0.050834 0.08414634 2
0.18705322 0.59146341 0.04686259 0.08292683 2
0.18705322 0.69756098 0.04686259 0.08536585 2
0.18705322 0.82682927 0.04686259 0.0804878 2
0.18705322 0.91707317 0.04686259 0.07073171 2
0.23749007 0.59146341 0.050834 0.08292683 2
0.23749007 0.69756098 0.050834 0.08536585 2
0.23749007 0.82682927 0.050834 0.0804878 2
0.23749007 0.91707317 0.050834 0.07073171 2
0.28872121 0.59146341 0.05162828 0.08292683 2
0.28872121 0.69756098 0.05162828 0.08536585 2
0.28872121 0.82682927 0.05162828 0.0804878 2
0.28872121 0.91707317 0.05162828 0.07073171 2
0.33995234 0.59146341 0.050834 0.08292683 2
0.33995234 0.69756098 0.050834 0.08536585 2
0.33995234 0.82682927 0.050834 0.0804878 2
0.33995234 0.91707317 0.050834 0.07073171 2
0.44956315 0.2 0.05401112 0.07560976 2
0.44956315 0.28780488 0.05401112 0.07560976 2
0.55599682 0.11646341 0.050834 0.07682927 2
0.55599682 0.20487805 0.050834 0.07317073 2
0.55599682 0.27195122 0.050834 0.07560976 2
0.55599682 0.3445122 0.050834 0.07926829 2
0.55599682 0.41402439 0.050834 0.07195122 2
0.60722796 0.11646341 0.05639396 0.07682927 2
0.60722796 0.20487805 0.05639396 0.07317073 2
0.60722796 0.27195122 0.05639396 0.07560976 2
0.60722796 0.3445122 0.05639396 0.07926829 2
0.60722796 0.41402439 0.05639396 0.07195122 2
0.44956315 0.58963415 0.050834 0.07439024 2
0.44956315 0.69573171 0.050834 0.07926829 2
0.44956315 0.82743902 0.050834 0.08170732 2
0.50079428 0.58963415 0.04845115 0.07439024 2
0.50079428 0.69573171 0.04845115 0.07926829 2
0.50079428 0.82743902 0.04845115 0.08170732 2
0.5528197 0.58963415 0.050834 0.07439024 2
0.5528197 0.69573171 0.050834 0.07926829 2
0.5528197 0.82743902 0.050834 0.08170732 2
0.60524226 0.58963415 0.050834 0.07439024 2
0.60524226 0.69573171 0.050834 0.07926829 2
0.60524226 0.82743902 0.050834 0.08170732 2
0.88482923 0.27012195 0.04765687 0.07926829 2
0.93486894 0.27012195 0.04924543 0.07926829 2
0.86656076 0.59268293 0.04924543 0.07804878 2
0.92136616 0.59268293 0.04924543 0.07804878 2
0.86417792 0.69085366 0.04765687 0.07439024 2
0.92136616 0.69085366 0.04924543 0.07439024 2
0.85941223 0.81829268 0.050834 0.07804878 2
0.92295473 0.81829268 0.05401112 0.07804878 2
