0.05459147 0.14590965 0.04699928 0.07692308 2
0.05350687 0.26312576 0.04916847 0.08424908 2
0.0538684 0.34920635 0.05133767 0.08302808 2
0.10050615 0.14468864 0.05061461 0.08180708 2
0.09833695 0.26739927 0.05206074 0.08547009 2
0.10122921 0.34554335 0.05061461 0.08547009 2
0.14461316 0.14774115 0.05061461 0.08791209 2
0.14678236 0.26373626 0.04772234 0.08302808 2
0.14605929 0.34310134 0.05206074 0.08547009 2
0.1923355 0.14957265 0.05350687 0.08669109 2
0.19197397 0.26373626 0.05133767 0.08058608 2
0.19269704 0.34310134 0.05133767 0.08058608 2
0.28091106 0.14407814 0.04989154 0.07814408 2
0.28163413 0.22588523 0.04989154 0.08547009 2
0.2791034 0.33028083 0.05061461 0.07936508 2
0.2812726 0.40964591 0.04916847 0.08180708 2
0.33007954 0.14529915 0.05133767 0.07814408 2
0.329718 0.22344322 0.05206074 0.07570208 2
0.33044107 0.33272283 0.05350687 0.07692308 2
0.32827187 0.40903541 0.04916847 0.08547009 2
0.40600145 0.14774115 0.05133767 0.07570208 2
0.40853218 0.22161172 0.05206074 0.07692308 2
0.40817064 0.34676435 0.05133767 0.07570208 2
0.40817064 0.42490842 0.0527838 0.08302808 2
0.45444685 0.14468864 0.04844541 0.07692308 2
0.45444685 0.22283272 0.04844541 0.08424908 2
0.45444685 0.34676435 0.04844541 0.08302808 2
0.45444685 0.42246642 0.04844541 0.08302808 2
0.54013015 0.14590965 0.05206074 0.07692308 2
0.54013015 0.22893773 0.05206074 0.09157509 2
0.54013015 0.37789988 0.05206074 0.08180708 2
0.54013015 0.45543346 0.05206074 0.08058608 2
0.5867679 0.14713065 0.04989154 0.07936508 2
0.5867679 0.22649573 0.04989154 0.08180708 2
0.5867679 0.37118437 0.04989154 0.08302808 2
0.5867679 0.45482295 0.04989154 0.09401709 2
0.63159798 0.14590965 0.04699928 0.08180708 2
0.63015184 0.22710623 0.04555315 0.08058608 2
0.67353579 0.14468864 0.04555315 0.07936508 2
0.67353579 0.22161172 0.04555315 0.07692308 2
0.67353579 0.32967033 0.04555315 0.08058608 2
0.67353579 0.40720391 0.04555315 0.08180708 2
0.67353579 0.48840049 0.04555315 0.08302808 2
0.72161967 0.14285714 0.05206074 0.07570208 2
0.72161967 0.22161172 0.05206074 0.07692308 2
0.72161967 0.32967033 0.05206074 0.08058608 2
0.72161967 0.40720391 0.05206074 0.08180708 2
0.72161967 0.48840049 0.05206074 0.08302808 2
0.80079537 0.14285714 0.05133767 0.07570208 2
0.80079537 0.24847375 0.05133767 0.07936508 2
0.80079537 0.43833944 0.05133767 0.08058608 2
0.80079537 0.50732601 0.05133767 0.07692308 2
0.84779465 0.14285714 0.04989154 0.07570208 2
0.84779465 0.24847375 0.04989154 0.07936508 2
0.84779465 0.43833944 0.04989154 0.08058608 2
0.84779465 0.50732601 0.04989154 0.07692308 2
0.89479393 0.14285714 0.04989154 0.07570208 2
0.89479393 0.24847375 0.04989154 0.07936508 2
0.89479393 0.43833944 0.04989154 0.08058608 2
0.89479393 0.50732601 0.04989154 0.07692308 2
0.9417932 0.14041514 0.0527838 0.08058608 2
0.9407086 0.24786325 0.05061461 0.09035409 2
0.9407086 0.43589744 0.04772234 0.07570208 2
