0.7794553 0.2665692 0.05506217 0.082846 2
0.8277087 0.26169591 0.06039076 0.08479532 2
0.87063351 0.23099415 0.0562463 0.08187135 2
0.76080521 0.34990253 0.06039076 0.09551657 2
0.81142688 0.35233918 0.05861456 0.09064327 2
0.86648905 0.34990253 0.05861456 0.08382066 2
0.73416223 0.4454191 0.04262877 0.07602339 2
0.73327413 0.50584795 0.04440497 0.07017544 2
0.77205447 0.44639376 0.04499704 0.06822612 2
0.7723505 0.5082846 0.04440497 0.06725146 2
0.81912374 0.48050682 0.06098283 0.09356725 2
0.73238603 0.57553606 0.04262877 0.06725146 2
0.73357016 0.63888889 0.04262877 0.07309942 2
0.77087034 0.57699805 0.04262877 0.06432749 2
0.77175844 0.63986355 0.04440497 0.07309942 2
0.80817052 0.57894737 0.04262877 0.07017544 2
0.80935465 0.63791423 0.04499704 0.0711501 2
0.84458259 0.58089669 0.04085258 0.06237817 2
0.84428656 0.63206628 0.03907638 0.05750487 2
0.73208999 0.71150097 0.04558911 0.07602339 2
0.76879811 0.708577 0.04440497 0.07602339 2
0.80669035 0.70955166 0.04203671 0.06822612 2
0.84458259 0.70955166 0.04440497 0.07407407 2
0.77442274 0.79580897 0.05683837 0.09259259 2
0.83510953 0.80019493 0.06098283 0.09161793 2
0.14416815 0.21150097 0.03256365 0.11695906 1
0.12936649 0.59210526 0.06571936 0.09649123 1
0.29869745 0.5745614 0.0491415 0.10233918 1
0.44671403 0.10282651 0.04085258 0.10038986 1
0.58821788 0.09795322 0.04322084 0.07894737 1
