0.71655232 0.34184915 0.05403087 0.08272506 2
0.68867925 0.43248175 0.05831904 0.08394161 2
0.66337907 0.52798054 0.05746141 0.08515815 2
0.78259005 0.38138686 0.05574614 0.08394161 2
0.7577187 0.47201946 0.05403087 0.08272506 2
0.72770154 0.56873479 0.05917667 0.08150852 2
0.84777015 0.41849148 0.05746141 0.09002433 2
0.82161235 0.513382 0.05145798 0.08272506 2
0.79502573 0.60523114 0.06003431 0.09124088 2
0.92324185 0.57907543 0.05403087 0.07785888 2
0.90566038 0.64233577 0.05831904 0.09245742 2
0.88722127 0.70377129 0.05403087 0.09124088 2
0.86963979 0.7676399 0.05831904 0.09002433 2
