0.39559387 0.39683735 0.05747126 0.10090361 2
0.44683908 0.43448795 0.04693487 0.07981928 2
0.49952107 0.46837349 0.04693487 0.07831325 2
0.56992337 0.50451807 0.04789272 0.0813253 2
0.59482759 0.39457831 0.04980843 0.08433735 2
0.67624521 0.44503012 0.04789272 0.07680723 2
0.68438697 0.50828313 0.03544061 0.05873494 2
0.65086207 0.55271084 0.04885057 0.0753012 2
0.66427203 0.71460843 0.04310345 0.06777108 2
0.58524904 0.79292169 0.03065134 0.05271084 2
0.54501916 0.61746988 0.05172414 0.07831325 2
0.51867816 0.73042169 0.04693487 0.07831325 2
0.47270115 0.57906627 0.04693487 0.07680723 2
0.44636015 0.6875 0.04789272 0.07981928 2
0.40421456 0.51957831 0.06130268 0.09939759 2
0.38505747 0.61144578 0.04980843 0.08433735 2
0.36829502 0.69277108 0.04885057 0.0813253 2
0.348659 0.4939759 0.04789272 0.0813253 2
0.33189655 0.56701807 0.04693487 0.07379518 2
