0.20998981 0.22645161 0.03261978 0.04774194 2
0.24159021 0.19548387 0.03465851 0.04258065 2
0.26860347 0.23225806 0.03363914 0.04387097 2
0.23445464 0.26387097 0.03465851 0.04258065 2
0.48369011 0.51096774 0.03363914 0.04129032 2
0.57900102 0.46903226 0.03261978 0.04516129 2
0.66055046 0.43677419 0.03669725 0.04774194 2
0.67787971 0.48064516 0.03465851 0.05032258 2
0.84811417 0.61612903 0.03261978 0.05032258 2
0.86901121 0.66193548 0.03160041 0.04645161 2
0.90723751 0.6716129 0.03669725 0.05290323 2
