0.34729316 0.18387097 0.04494382 0.06580645 1
0.75893769 0.53612903 0.04290092 0.05290323 2
0.70480082 0.5483871 0.05311542 0.06193548 2
0.65526047 0.56709677 0.05413687 0.06580645 2
0.60623085 0.58774194 0.05005107 0.06064516 2
0.55720123 0.60774194 0.04800817 0.06193548 2
0.51123596 0.62645161 0.05005107 0.06064516 2
0.46373851 0.63354839 0.02860061 0.03354839 2
0.4392237 0.64258065 0.02860061 0.03354839 2
0.41368744 0.65354839 0.02655771 0.03225806 2
0.46935649 0.66774194 0.03166496 0.03483871 2
0.44075587 0.67741935 0.03166496 0.03870968 2
0.41266599 0.69032258 0.02655771 0.03612903 2
0.78294178 0.60451613 0.05209397 0.06322581 2
0.73186925 0.62258065 0.05209397 0.06064516 2
0.68232891 0.64645161 0.05311542 0.05677419 2
0.63074566 0.66516129 0.05005107 0.05806452 2
0.5566905 0.68 0.03268641 0.03612903 2
0.52860061 0.6916129 0.02962206 0.03612903 2
0.49897855 0.70258065 0.03166496 0.03741935 2
0.47037794 0.71612903 0.02962206 0.03354839 2
0.56843718 0.71741935 0.02962206 0.03870968 2
0.53524004 0.72903226 0.03064351 0.03870968 2
0.50715015 0.74 0.02962206 0.03741935 2
0.47803882 0.75290323 0.03064351 0.03741935 2
0.83299285 0.65290323 0.02962206 0.04129032 2
0.84576098 0.68774194 0.03064351 0.04129032 2
0.80541369 0.66193548 0.03166496 0.03870968 2
0.81818182 0.69870968 0.03268641 0.04 2
0.77681307 0.67483871 0.02962206 0.03870968 2
0.79009193 0.70967742 0.02962206 0.03870968 2
0.75076609 0.68645161 0.03064351 0.03870968 2
0.76302349 0.72258065 0.02860061 0.03870968 2
0.71041879 0.70322581 0.03166496 0.04129032 2
0.68335036 0.71806452 0.02860061 0.04258065 2
0.65474974 0.72967742 0.03064351 0.03741935 2
0.66547497 0.76645161 0.02962206 0.04129032 2
0.62614913 0.73741935 0.03268641 0.04 2
0.63687436 0.77806452 0.03166496 0.03870968 2
0.59703779 0.7516129 0.03166496 0.03741935 2
0.60827375 0.78903226 0.02962206 0.04 2
0.55771195 0.7716129 0.03064351 0.03612903 2
0.56741573 0.8083871 0.02962206 0.04 2
0.52962206 0.78387097 0.03166496 0.03483871 2
0.53881512 0.82129032 0.03166496 0.04258065 2
0.49948927 0.79806452 0.03064351 0.03741935 2
0.50868233 0.83677419 0.02860061 0.03741935 2
0.46833504 0.80967742 0.02962206 0.04 2
0.47906027 0.84967742 0.02860061 0.04258065 2
