0.63528807 0.63570487 0.03395062 0.13043478 1
0.74897119 0.54347826 0.04115226 0.05401845 2
0.80144033 0.5513834 0.04526749 0.05401845 2
0.72685185 0.67259552 0.03395062 0.04611331 2
0.76440329 0.67852437 0.03497942 0.05006588 2
0.80195473 0.6831357 0.03600823 0.04874835 2
0.85133745 0.69301713 0.03806584 0.05270092 2
0.8899177 0.70223979 0.03703704 0.04743083 2
0.9537037 0.71212121 0.03497942 0.0513834 2
0.72222222 0.72002635 0.03497942 0.0513834 2
0.76183128 0.72859025 0.03600823 0.04743083 2
0.80041152 0.73649539 0.03497942 0.04479578 2
0.84979424 0.74505929 0.03703704 0.04611331 2
0.88734568 0.7483531 0.03600823 0.05270092 2
0.95010288 0.76745718 0.03806584 0.0513834 2
0.71965021 0.77009223 0.03600823 0.04874835 2
0.75720165 0.77931489 0.03909465 0.04874835 2
0.79578189 0.78524374 0.03600823 0.04479578 2
0.84773663 0.79249012 0.03497942 0.0513834 2
0.88477366 0.80171278 0.03497942 0.05401845 2
0.95833333 0.83267457 0.04012346 0.05533597 2
0.73096708 0.84453228 0.04835391 0.07114625 2
0.78497942 0.85375494 0.04938272 0.07378129 2
0.84104938 0.86627141 0.05041152 0.06719368 2
0.89197531 0.87351779 0.0473251 0.06587615 2
0.95576132 0.89789196 0.03909465 0.05665349 2
0.72530864 0.91370224 0.04526749 0.06982872 2
0.77829218 0.92621871 0.05041152 0.06587615 2
0.83796296 0.93675889 0.05041152 0.06587615 2
0.8904321 0.94795784 0.05041152 0.06719368 2
0.9531893 0.97101449 0.04218107 0.05270092 2
