0.27647658 0.30740181 0.06008147 0.08912387 2
0.33604888 0.32401813 0.05906314 0.09214502 2
0.39358452 0.33232628 0.04989817 0.07854985 2
0.28309572 0.39199396 0.0509165 0.07703927 2
0.33706721 0.41087613 0.0509165 0.0755287 2
0.39002037 0.40936556 0.0509165 0.0755287 2
0.46588595 0.46827795 0.04378819 0.06646526 2
0.42107943 0.5 0.04175153 0.06646526 2
0.46028513 0.5347432 0.0407332 0.06646526 2
0.72403259 0.47734139 0.05295316 0.081571 2
0.78004073 0.46827795 0.05295316 0.07250755 2
0.83757637 0.46827795 0.05600815 0.081571 2
0.79226069 0.54531722 0.0509165 0.07250755 2
0.72352342 0.57401813 0.05193483 0.0755287 2
