0.86119711 0.64409031 0.04437564 0.06108898 2
0.83436533 0.55710491 0.04643963 0.06507304 2
0.81424149 0.61952191 0.04334365 0.062417 2
0.74716202 0.48339973 0.04334365 0.06108898 2
0.72961816 0.5438247 0.04334365 0.062417 2
0.69246646 0.4747676 0.04334365 0.06507304 2
0.66563467 0.52722444 0.03921569 0.05577689 2
0.55727554 0.35391766 0.0371517 0.05179283 2
0.54282766 0.40371846 0.0371517 0.05046481 2
0.52012384 0.33466135 0.0371517 0.05312085 2
0.50464396 0.38446215 0.03921569 0.04913679 2
0.4876161 0.43559097 0.03818369 0.05312085 2
0.27296182 0.18193891 0.02579979 0.03452855 2
0.26315789 0.20982736 0.0247678 0.03452855 2
