0.32074653 0.088 0.03385417 0.0544 2
0.36762153 0.0912 0.03732639 0.0608 2
0.44835069 0.0936 0.02517361 0.0464 2
0.53515625 0.1 0.02864583 0.0496 2
0.58723958 0.1056 0.03038194 0.0544 2
0.63975694 0.1336 0.03125 0.0528 2
0.47092014 0.144 0.02170139 0.0384 2
0.33029514 0.1784 0.03385417 0.0624 2
0.36848958 0.1968 0.03559028 0.048 2
0.44791667 0.196 0.02604167 0.0464 2
0.53559028 0.1856 0.02604167 0.0448 2
0.58723958 0.1896 0.03038194 0.0528 2
0.21875 0.388 0.03125 0.0592 2
0.26692708 0.3512 0.02864583 0.0528 2
0.30642361 0.3904 0.03125 0.0544 2
0.38020833 0.388 0.03125 0.0528 2
0.42621528 0.3856 0.02951389 0.0512 2
0.47612847 0.3856 0.02864583 0.0512 2
0.52170139 0.3864 0.02951389 0.0496 2
0.57508681 0.3904 0.02864583 0.0512 2
0.20746528 0.4824 0.02777778 0.0496 2
0.25477431 0.4744 0.02517361 0.04 2
0.1796875 0.524 0.02951389 0.0464 2
0.25477431 0.5264 0.0234375 0.0416 2
0.30164931 0.5064 0.04079861 0.0688 2
0.38151042 0.4568 0.03038194 0.0528 2
0.42361111 0.46 0.02951389 0.056 2
0.49956597 0.4592 0.02690972 0.0512 2
0.54383681 0.4632 0.02690972 0.0496 2
0.62196181 0.4216 0.02864583 0.0592 2
0.65321181 0.4704 0.03038194 0.0544 2
0.58854167 0.5 0.02951389 0.0528 2
0.38194444 0.5392 0.02777778 0.0512 2
0.42447917 0.5384 0.02951389 0.0528 2
0.48046875 0.5328 0.02864583 0.0416 2
0.53038194 0.5376 0.03645833 0.0512 2
0.13758681 0.64 0.0234375 0.0416 2
0.17144097 0.6384 0.02170139 0.0416 2
0.21223958 0.6128 0.02170139 0.0416 2
0.25434028 0.6048 0.02430556 0.0416 2
0.29036458 0.6048 0.02170139 0.0352 2
0.31553819 0.6056 0.01996528 0.0368 2
0.25390625 0.6568 0.0234375 0.0432 2
0.29123264 0.6536 0.02170139 0.0368 2
0.31597222 0.6544 0.02083333 0.0384 2
0.13237847 0.7528 0.02170139 0.04 2
0.16232639 0.7552 0.02256944 0.0448 2
0.19357639 0.7536 0.02256944 0.0416 2
0.24392361 0.76 0.03298611 0.0576 2
0.28515625 0.7568 0.03211806 0.0608 2
0.45616319 0.8048 0.07725694 0.0288 1
