0.42041522 0.16218236 0.03287197 0.05530643 2
0.47058824 0.16218236 0.03287197 0.05530643 2
0.50821799 0.16218236 0.03373702 0.05530643 2
0.55795848 0.16218236 0.03287197 0.05530643 2
0.60726644 0.16292975 0.03287197 0.05381166 2
0.64619377 0.16143498 0.03460208 0.0568012 2
0.34861592 0.21973094 0.03460208 0.0568012 2
0.40051903 0.21973094 0.03460208 0.0568012 2
0.43987889 0.21973094 0.03200692 0.0568012 2
0.48918685 0.21973094 0.03200692 0.0568012 2
0.53935986 0.22122571 0.03200692 0.05381166 2
0.57612457 0.21973094 0.03287197 0.05381166 2
0.62716263 0.22047833 0.03287197 0.05231689 2
0.31963668 0.26382661 0.03546713 0.05829596 2
0.31963668 0.33333333 0.03546713 0.05979073 2
0.49134948 0.6935725 0.09861592 0.02989537 1
0.81314879 0.76457399 0.06055363 0.10014948 1
