0.25564236 0.10762332 0.04947917 0.07473842 2
0.31814236 0.10762332 0.04253472 0.07473842 2
0.37239583 0.10612855 0.04513889 0.07772795 2
0.41189236 0.10463378 0.04600694 0.07473842 2
0.45225694 0.10164425 0.03993056 0.06875934 2
0.38194444 0.24289985 0.04513889 0.07324365 2
0.44314236 0.24439462 0.04947917 0.07025411 2
0.31901042 0.33931241 0.04774306 0.07174888 2
0.4453125 0.33557549 0.046875 0.07025411 2
0.38237847 0.33632287 0.04774306 0.08071749 2
0.25954861 0.43273543 0.04166667 0.07623318 2
0.29730903 0.43198804 0.04253472 0.07174888 2
0.33376736 0.43423019 0.04253472 0.07025411 2
0.40104167 0.42899851 0.05034722 0.07772795 2
0.45486111 0.42899851 0.04861111 0.07473842 2
0.27864583 0.5142003 0.03125 0.05082212 2
0.27777778 0.55754858 0.03125 0.05381166 2
0.3125 0.51494768 0.03298611 0.04932735 2
0.3125 0.55605381 0.03125 0.05082212 2
0.34809028 0.5142003 0.03298611 0.05082212 2
0.34635417 0.55605381 0.03472222 0.0568012 2
0.39583333 0.53213752 0.04861111 0.08071749 2
0.45138889 0.53736921 0.05034722 0.08221226 2
0.33767361 0.64499253 0.05381944 0.08520179 2
0.34071181 0.74364723 0.05121528 0.08221226 2
0.39973958 0.64424514 0.04947917 0.08370703 2
0.40060764 0.745142 0.04947917 0.08520179 2
0.45052083 0.64125561 0.05034722 0.07772795 2
0.45486111 0.74289985 0.05034722 0.08071749 2
0.25347222 0.71973094 0.046875 0.15994021 1
0.39973958 0.90732436 0.0859375 0.04185351 1
