0.12934028 0.17694567 0.046875 0.06901615 2
0.1875 0.16299559 0.05034722 0.07342144 2
0.30512153 0.25917768 0.04600694 0.07782673 2
0.46440972 0.24449339 0.04166667 0.0660793 2
0.46440972 0.29662261 0.04166667 0.06167401 2
0.46571181 0.35535977 0.0390625 0.06461087 2
0.44140625 0.43538913 0.04774306 0.08370044 2
0.44184028 0.510279 0.046875 0.08076358 2
0.48307292 0.43685756 0.04774306 0.08370044 2
0.48611111 0.51174743 0.046875 0.07488987 2
0.52734375 0.43685756 0.04774306 0.08076358 2
0.52821181 0.51174743 0.05121528 0.08370044 2
0.58072917 0.40748899 0.03298611 0.04845815 2
0.60980903 0.4082232 0.03385417 0.05286344 2
0.59592014 0.47209985 0.04774306 0.07195301 2
0.72829861 0.23715125 0.05208333 0.07488987 2
