0.23554154 0.16750419 0.10725552 0.06700168 4
0.23133544 0.24874372 0.11146162 0.06532663 4
0.2276551 0.32328308 0.11251314 0.06030151 4
0.22134595 0.40703518 0.11671924 0.06700168 4
0.38643533 0.16080402 0.106204 0.06030151 4
0.38748686 0.23869347 0.11251314 0.06532663 4
0.38801262 0.31407035 0.11777077 0.06867672 4
0.38801262 0.39698492 0.11987382 0.07705193 4
0.53890641 0.15326633 0.11041009 0.06197655 4
0.54363828 0.22529313 0.11356467 0.06197655 4
0.54679285 0.30737018 0.11356467 0.0720268 4
0.54942166 0.38442211 0.11461619 0.06867672 4
0.68927445 0.14907873 0.11251314 0.06365159 4
0.69716088 0.22194305 0.11356467 0.06197655 4
0.70609884 0.29731993 0.11882229 0.06867672 4
0.71345952 0.3760469 0.12092534 0.07537688 4
