0.06907037 0.16717557 0.0356212 0.08396947 4
0.10512598 0.15572519 0.04170287 0.08244275 4
0.1159861 0.23740458 0.04083406 0.09007634 4
0.1520417 0.21603053 0.03822763 0.0778626 4
0.19113814 0.20687023 0.04170287 0.08091603 4
0.1251086 0.32519084 0.03996525 0.08854962 4
0.16377063 0.29847328 0.04604692 0.08091603 4
0.20243267 0.29465649 0.04517811 0.07633588 4
0.24283232 0.28549618 0.04604692 0.07633588 4
0.17158992 0.3870229 0.04604692 0.08396947 4
0.21503041 0.39007634 0.04778454 0.08396947 4
0.25760209 0.39160305 0.04778454 0.08396947 4
0.31494353 0.33969466 0.05647263 0.09007634 4
0.20981755 0.55419847 0.05299739 0.10381679 4
0.30147698 0.56183206 0.0538662 0.10381679 4
0.43266725 0.60610687 0.04170287 0.07022901 4
0.63640313 0.39083969 0.04604692 0.08244275 4
0.67810599 0.37022901 0.04952215 0.08396947 4
0.72024327 0.37938931 0.04517811 0.08091603 4
0.75803649 0.39465649 0.04952215 0.0870229 4
0.65638575 0.48625954 0.04083406 0.08091603 4
0.69374457 0.48091603 0.0443093 0.08244275 4
0.73370982 0.47480916 0.04257168 0.09465649 4
0.86229366 0.61068702 0.0443093 0.07328244 4
