0.16252955 0.78458498 0.09810875 0.14229249 4
0.21217494 0.73913043 0.09810875 0.1541502 4
0.26891253 0.67687747 0.10047281 0.15217391 4
0.38297872 0.54347826 0.09456265 0.13833992 4
0.42671395 0.49901186 0.09456265 0.1284585 4
0.47104019 0.44960474 0.09810875 0.1284585 4
0.57683215 0.35671937 0.09219858 0.12055336 4
0.61938534 0.31818182 0.09456265 0.12648221 4
0.66134752 0.27470356 0.09338061 0.13833992 4
0.69917258 0.23616601 0.09101655 0.11660079 4
0.75472813 0.17588933 0.08865248 0.10671937 4
0.79550827 0.13438735 0.08983452 0.10671937 4
