0.25632911 0.22068966 0.05696203 0.11724138 4
0.30485232 0.20603448 0.05907173 0.11206897 4
0.35337553 0.18706897 0.06118143 0.11551724 4
0.43459916 0.24396552 0.06329114 0.11896552 4
0.48312236 0.225 0.05907173 0.11551724 4
0.56751055 0.28534483 0.06540084 0.12241379 4
0.61392405 0.26810345 0.06751055 0.11896552 4
0.21518987 0.44051724 0.06118143 0.12931034 4
0.26635021 0.41982759 0.06012658 0.12586207 4
0.31751055 0.40258621 0.05907173 0.12586207 4
0.40295359 0.46637931 0.06118143 0.13275862 4
0.45411392 0.44827586 0.06434599 0.12758621 4
0.54324895 0.5112069 0.06962025 0.13275862 4
0.59388186 0.49137931 0.06962025 0.13448276 4
0.64398734 0.46982759 0.07278481 0.13275862 4
0.59440928 0.76206897 0.07278481 0.15172414 4
0.64767932 0.7387931 0.07172996 0.15 4
0.70042194 0.71637931 0.07383966 0.15 4
