0.10111223 0.36185383 0.03842265 0.12477718 4
0.14812942 0.37522282 0.05156724 0.12299465 4
0.2057634 0.385918 0.05561173 0.11942959 4
0.25227503 0.39304813 0.05156724 0.12299465 4
0.30788675 0.40017825 0.04954499 0.11942959 4
0.35439838 0.40641711 0.05358948 0.11764706 4
0.41203236 0.42067736 0.04752275 0.11764706 4
0.45854398 0.42869875 0.05156724 0.11942959 4
0.52325581 0.43582888 0.04954499 0.12299465 4
0.57381193 0.44741533 0.05156724 0.12121212 4
0.63094034 0.45543672 0.04651163 0.12655971 4
0.68149646 0.46256684 0.04853387 0.12655971 4
0.73913043 0.47058824 0.04651163 0.13190731 4
0.63094034 0.67736185 0.04651163 0.14973262 4
0.68301314 0.68983957 0.04752275 0.14973262 4
0.74418605 0.69518717 0.05055612 0.14973262 4
0.79575329 0.70588235 0.05055612 0.1426025 4
