0.28556807 0.71898928 0.04298874 0.13323124 4
0.33930399 0.7136294 0.0419652 0.12557427 4
0.25076766 0.53675345 0.04094166 0.11485452 4
0.30143296 0.53675345 0.03991812 0.11179173 4
0.35107472 0.53522205 0.04912999 0.11179173 4
0.24411464 0.22664625 0.03582395 0.09188361 4
0.28863869 0.22664625 0.03889458 0.09188361 4
0.33060389 0.22664625 0.03684749 0.09188361 4
0.37615148 0.22664625 0.03991812 0.09188361 4
0.44012282 0.17228178 0.03684749 0.09341501 4
0.48106448 0.17228178 0.03889458 0.09341501 4
0.9160696 0.23430322 0.15762538 0.18683002 8
