0.24506388 0.56761269 0.08594657 0.08681135 4
0.32520325 0.65191987 0.08594657 0.0851419 4
0.26945412 0.52420701 0.08130081 0.08347245 4
0.35133566 0.61018364 0.08246225 0.0884808 4
0.29442509 0.48080134 0.08013937 0.08681135 4
0.37514518 0.56427379 0.08594657 0.08347245 4
0.31823461 0.44156928 0.07665505 0.0884808 4
0.40069686 0.52253756 0.08130081 0.09015025 4
0.56504065 0.69282137 0.15214866 0.20367279 3
0.22299652 0.07846411 0.10452962 0.10016694 3
0.29790941 0.25125209 0.1010453 0.11185309 5
0.35191638 0.17612688 0.09059233 0.10517529 5
