0.46740088 0.91225416 0.0784141 0.10287443 4
0.43700441 0.75340393 0.0722467 0.09077156 4
0.59867841 0.81013616 0.05550661 0.07413011 4
0.58634361 0.31089259 0.04493392 0.05900151 4
0.61409692 0.36157337 0.04405286 0.06354009 4
0.57004405 0.42208775 0.04405286 0.06656581 4
0.60088106 0.46596067 0.04757709 0.06959153 4
0.6215859 0.52723147 0.04669604 0.06807867 4
0.52114537 0.48184569 0.03964758 0.06202723 4
0.55594714 0.53101362 0.05110132 0.06354009 4
0.57753304 0.596823 0.04845815 0.07110439 4
0.6 0.66868381 0.04933921 0.06959153 4
0.50837004 0.59531014 0.05638767 0.07413011 4
0.52599119 0.67397882 0.04933921 0.07110439 4
0.54713656 0.74886536 0.04757709 0.06656581 4
