0.75396825 0.1241033 0.02579365 0.06456241 9
0.89632937 0.38163558 0.02678571 0.07460545 9
0.93204365 0.40530846 0.02678571 0.07030129 9
0.70386905 0.59325681 0.02480159 0.06743185 9
0.69642857 0.3651363 0.02579365 0.06456241 9
0.63541667 0.65781923 0.02281746 0.06743185 9
0.43551587 0.3543759 0.0515873 0.04304161 9
0.35267857 0.19153515 0.02281746 0.07030129 9
0.29811508 0.62625538 0.02281746 0.07890961 9
0.28472222 0.72740316 0.02380952 0.06886657 9
0.27331349 0.82065997 0.02083333 0.06599713 9
0.66220238 0.4010043 0.02281746 0.06743185 9
0.37450397 0.03586801 0.02876984 0.06312769 9
0.36259921 0.11190818 0.03075397 0.06599713 9
0.34474206 0.26757532 0.03075397 0.06456241 9
0.31646825 0.45982783 0.02777778 0.06456241 9
0.69593254 0.07317073 0.02480159 0.07173601 9
0.74454365 0.20014347 0.02480159 0.07030129 9
0.66964286 0.31133429 0.02579365 0.07173601 9
0.25992063 0.92395983 0.0218254 0.08034433 9
