0.88757396 0.8190407 0.04930966 0.05959302 9
0.43096647 0.42514535 0.04930966 0.05087209 9
0.38708087 0.38517442 0.04832347 0.05523256 9
0.2938856 0.30450581 0.04930966 0.05377907 9
0.18540434 0.17078488 0.05325444 0.04796512 9
0.31114398 0.50872093 0.03648915 0.06686047 9
0.23717949 0.4440407 0.05226824 0.05377907 9
0.18589744 0.40261628 0.04635108 0.0494186 9
0.24852071 0.26744186 0.04733728 0.06976744 9
0.49211045 0.47965116 0.0433925 0.05813953 9
0.54980276 0.52688953 0.04240631 0.0625 9
0.16715976 0.43895349 0.04043393 0.05813953 9
0.22238659 0.48110465 0.04832347 0.06686047 9
