0.88124411 0.69318182 0.05089538 0.05397727 9
0.39255419 0.875 0.03110273 0.06818182 9
0.43873704 0.74715909 0.02921772 0.06818182 9
0.5537229 0.45525568 0.0537229 0.05539773 9
0.63430726 0.42471591 0.02827521 0.07954545 9
0.42884072 0.27414773 0.03393025 0.07386364 9
0.28557964 0.21661932 0.04335533 0.05539773 9
0.67389255 0.06747159 0.03204524 0.05539773 9
0.69557022 0.078125 0.03204524 0.05397727 9
0.73279925 0.10298295 0.03110273 0.06676136 9
0.78133836 0.14275568 0.03393025 0.08096591 9
0.88218662 0.22017045 0.03016023 0.07102273 9
0.90810556 0.23153409 0.03298775 0.07954545 9
0.93213949 0.25710227 0.02827521 0.07386364 9
0.95570217 0.27840909 0.03016023 0.06534091 9
0.12393968 0.04616477 0.04429783 0.06960227 9
0.15127238 0.33096591 0.0405278 0.06534091 9
0.49858624 0.41193182 0.03770028 0.05113636 9
0.68520264 0.75426136 0.03393025 0.07386364 9
0.70970782 0.78053977 0.03770028 0.08096591 9
0.82422243 0.64275568 0.04241282 0.04971591 9
0.75777568 0.11292614 0.0395853 0.08380682 9
0.46842601 0.67400568 0.04147031 0.08096591 9
