0.61152416 0.85127479 0.0464684 0.05665722 9
0.78159851 0.50779037 0.05018587 0.05240793 9
0.86245353 0.35906516 0.02230483 0.07507082 9
0.88894052 0.3286119 0.02509294 0.07365439 9
0.9186803 0.28895184 0.02509294 0.08215297 9
0.8954461 0.11968839 0.03996283 0.07790368 9
0.84247212 0.21458924 0.05111524 0.03824363 9
0.67797398 0.45467422 0.05669145 0.0368272 9
0.62360595 0.53186969 0.05390335 0.03824363 9
0.59386617 0.56657224 0.04832714 0.0368272 9
0.6482342 0.18130312 0.03624535 0.07082153 9
0.6277881 0.20467422 0.03810409 0.06657224 9
0.58271375 0.24787535 0.03903346 0.07082153 9
0.56552045 0.27195467 0.03252788 0.06515581 9
0.54414498 0.29249292 0.03810409 0.0694051 9
0.52509294 0.31586402 0.03903346 0.07365439 9
0.50557621 0.34490085 0.03717472 0.06373938 9
0.48373606 0.44405099 0.04182156 0.06090652 9
0.48977695 0.47733711 0.03903346 0.05382436 9
0.50975836 0.50708215 0.03996283 0.05665722 9
0.53113383 0.5509915 0.02509294 0.07648725 9
0.55994424 0.53966006 0.02137546 0.06232295 9
0.58085502 0.50212465 0.02416357 0.07790368 9
0.48745353 0.59065156 0.0436803 0.06232295 9
0.4679368 0.54886686 0.03996283 0.05524079 9
0.44749071 0.52832861 0.04739777 0.06798867 9
0.42983271 0.49858357 0.04553903 0.06515581 9
0.41449814 0.4674221 0.05204461 0.06232295 9
0.40148699 0.4305949 0.04832714 0.05382436 9
0.39172862 0.38951841 0.0436803 0.05382436 9
0.383829 0.34490085 0.04089219 0.04107649 9
0.37267658 0.30524079 0.05018587 0.04674221 9
0.35408922 0.49787535 0.05390335 0.04674221 9
0.34479554 0.56161473 0.03903346 0.05240793 9
0.39730483 0.61756374 0.06040892 0.07648725 9
0.4302974 0.32223796 0.03903346 0.06657224 9
0.45399628 0.29532578 0.03810409 0.06657224 9
0.49628253 0.25354108 0.03345725 0.06232295 9
0.51486989 0.2315864 0.03345725 0.06090652 9
0.53252788 0.20538244 0.03717472 0.07648725 9
0.55483271 0.18838527 0.03717472 0.06798867 9
0.57481413 0.16147309 0.03810409 0.07648725 9
0.52788104 0.10764873 0.03903346 0.07365439 9
0.48513011 0.16076487 0.03159851 0.06090652 9
0.46189591 0.17988669 0.03345725 0.06232295 9
0.4186803 0.22025496 0.03624535 0.0694051 9
0.39498141 0.2407932 0.03903346 0.07648725 9
0.13011152 0.59206799 0.0260223 0.0878187 9
0.20167286 0.61968839 0.02788104 0.06090652 9
0.45539033 0.6805949 0.0464684 0.0694051 9
0.51208178 0.64589235 0.04832714 0.03116147 9
0.55994424 0.64518414 0.04553903 0.02974504 9
0.58410781 0.60835694 0.0436803 0.02974504 9
0.48048327 0.96388102 0.04089219 0.06373938 9
0.60687732 0.47592068 0.02416357 0.05665722 9
0.63708178 0.44121813 0.0232342 0.06090652 9
0.65334572 0.49645892 0.05018587 0.03541076 9
0.68819703 0.35481586 0.0232342 0.06373938 9
0.70399628 0.41784703 0.05111524 0.03116147 9
0.5464684 0.08144476 0.03717472 0.05524079 9
0.57249071 0.06798867 0.03159851 0.05665722 9
0.59758364 0.13526912 0.03345725 0.05807365 9
0.86663569 0.17705382 0.04739777 0.03966006 9
0.80947955 0.25283286 0.05204461 0.03541076 9
0.75464684 0.90651558 0.04089219 0.07648725 9
0.46282528 0.3888102 0.04275093 0.06090652 9
0.48605948 0.36756374 0.03531599 0.05524079 9
