0.33642261 0.49291785 0.05004634 0.05382436 9
0.32947173 0.75212465 0.03429101 0.07365439 9
0.4823911 0.29107649 0.03429101 0.07223796 9
0.60750695 0.21813031 0.04726599 0.05382436 9
0.64040778 0.1296034 0.03892493 0.05524079 9
0.6218721 0.17492918 0.05375348 0.06373938 9
0.65245598 0.08215297 0.03707136 0.04532578 9
0.59360519 0.25354108 0.03614458 0.03966006 9
0.43883225 0.4072238 0.02873031 0.06657224 9
0.41334569 0.48796034 0.02780352 0.06373938 9
0.27479147 0.91359773 0.02873031 0.0509915 9
0.28174235 0.60694051 0.0463392 0.05240793 9
