0.33522191 0.35693848 0.03399433 0.06437768 9
0.38338055 0.22317597 0.03399433 0.07153076 9
0.26864967 0.8297568 0.04438149 0.05436338 9
0.75070822 0.86552217 0.04721435 0.05722461 9
0.80358829 0.89699571 0.04910293 0.04577969 9
0.59395656 0.1130186 0.04532578 0.04005722 9
0.5802644 0.18669528 0.0368272 0.03862661 9
0.55146364 0.21030043 0.04154863 0.04291845 9
0.53871577 0.23962804 0.0368272 0.03862661 9
0.53021719 0.2732475 0.04060434 0.04577969 9
0.51322002 0.30615165 0.04627007 0.05150215 9
0.50188857 0.34120172 0.03871577 0.0472103 9
0.49008499 0.37839771 0.03966006 0.0472103 9
0.48064212 0.40987124 0.03777148 0.0472103 9
0.52455146 0.43133047 0.04627007 0.05293276 9
0.51652502 0.46781116 0.03966006 0.04577969 9
0.46081209 0.47353362 0.04154863 0.05150215 9
0.50236072 0.50286123 0.0434372 0.05293276 9
0.2917847 0.4713877 0.03777148 0.06723891 9
0.17563739 0.77467811 0.03021719 0.06151645 9
0.83852691 0.76251788 0.0509915 0.04864092 9
