0.07275255 0.1718529 0.04911956 0.03818953 9
0.39341983 0.56011315 0.02502317 0.08769448 9
0.27154773 0.84794908 0.05560704 0.03536068 9
0.34337349 0.84229137 0.04726599 0.03536068 9
0.59453197 0.84016973 0.04355885 0.03677511 9
0.65430955 0.83804809 0.05189991 0.03818953 9
0.69925857 0.72135785 0.04355885 0.03394625 9
0.84708063 0.70650636 0.0463392 0.03536068 9
0.9012975 0.70226308 0.04911956 0.03253182 9
0.64087118 0.7291372 0.04911956 0.03253182 9
0.2034291 0.85007072 0.05097312 0.03394625 9
