0.3081557 0.84455587 0.02687674 0.08452722 9
0.30908248 0.75286533 0.0231696 0.0730659 9
0.57599629 0.89326648 0.05468026 0.03868195 9
0.33178869 0.59598854 0.05560704 0.04011461 9
0.52687674 0.49713467 0.02502317 0.08022923 9
0.60565338 0.48997135 0.02502317 0.07449857 9
0.76969416 0.48638968 0.02873031 0.08739255 9
0.7965709 0.48495702 0.02873031 0.08166189 9
0.81881372 0.48065903 0.02502317 0.07879656 9
0.84059314 0.47636103 0.02224282 0.06733524 9
0.86237257 0.47277937 0.0231696 0.06876791 9
0.9300278 0.36461318 0.02502317 0.06446991 9
0.80305839 0.13681948 0.03429101 0.06160458 9
0.77525487 0.12750716 0.03058387 0.06017192 9
0.40546803 0.87249284 0.04726599 0.03724928 9
0.22613531 0.51575931 0.02038925 0.06876791 9
0.29749768 0.502149 0.02038925 0.05587393 9
0.34986098 0.50501433 0.02873031 0.07593123 9
0.49768304 0.49641834 0.02409639 0.06160458 9
0.55329008 0.49426934 0.01853568 0.05444126 9
0.58202039 0.49856734 0.02409639 0.06303725 9
0.71964782 0.48710602 0.01946247 0.06876791 9
0.74513438 0.48495702 0.02038925 0.06446991 9
0.29935125 0.13896848 0.02965709 0.07449857 9
0.77525487 0.61103152 0.04355885 0.03008596 9
0.92910102 0.15830946 0.01946247 0.06733524 9
0.93234476 0.2786533 0.02224282 0.07020057 9
0.4012975 0.83237822 0.0407785 0.03151862 9
