0.47425094 0.89316239 0.03089888 0.05413105 9
0.48829588 0.85683761 0.03838951 0.06695157 9
0.51638577 0.8005698 0.04775281 0.07407407 9
0.53417603 0.77421652 0.03838951 0.06125356 9
0.77902622 0.47863248 0.03932584 0.07122507 9
0.5505618 0.50356125 0.03745318 0.06125356 9
0.47518727 0.37891738 0.04588015 0.05698006 9
0.49297753 0.34401709 0.04213483 0.05555556 9
0.70318352 0.27777778 0.0411985 0.05413105 9
0.75327715 0.22079772 0.04026217 0.04843305 9
0.80664794 0.15954416 0.05149813 0.06267806 9
0.33146067 0.66096866 0.03932584 0.05698006 9
0.45599251 0.41951567 0.03745318 0.04700855 9
