0.92488479 0.14144272 0.03410138 0.07920792 9
0.83317972 0.41018388 0.05529954 0.05657709 9
0.86589862 0.47878359 0.05069124 0.05516266 9
0.73456221 0.47736917 0.04423963 0.04950495 9
0.74009217 0.56082037 0.04239631 0.04950495 9
0.69539171 0.59052334 0.04147465 0.0466761 9
0.59078341 0.57001414 0.04792627 0.05374823 9
0.58847926 0.66265912 0.04700461 0.0523338 9
0.53640553 0.69872702 0.04792627 0.05374823 9
0.28801843 0.8698727 0.04884793 0.05091938 9
0.28940092 0.77864215 0.04423963 0.0523338 9
0.19769585 0.7241867 0.0359447 0.07920792 9
0.16129032 0.57850071 0.02949309 0.07920792 9
0.1483871 0.39957567 0.02396313 0.0834512 9
0.08801843 0.18033946 0.02672811 0.0834512 9
0.06359447 0.92220651 0.0516129 0.0311174 9
0.11843318 0.89745403 0.04147465 0.03253182 9
0.39078341 0.70509194 0.04608295 0.03818953 9
0.54516129 0.60113154 0.04331797 0.03394625 9
0.90184332 0.36280057 0.04700461 0.04101839 9
0.09907834 0.43776521 0.02304147 0.06647808 9
