0.76948989 0.31375358 0.04908566 0.0487106 9
0.55437921 0.36604585 0.02694899 0.08452722 9
0.4547642 0.41762178 0.02791145 0.07593123 9
0.46294514 0.50716332 0.03272377 0.10315186 9
0.47545717 0.70845272 0.02694899 0.07879656 9
0.25360924 0.2213467 0.05678537 0.05587393 9
0.186718 0.44126074 0.03272377 0.07163324 9
0.17276227 0.65616046 0.03176131 0.07449857 9
0.12993263 0.60816619 0.03272377 0.07020057 9
0.07747834 0.57808023 0.03368624 0.07020057 9
0.10250241 0.12106017 0.05101059 0.04441261 9
0.09624639 0.15830946 0.04619827 0.04154728 9
0.09143407 0.20200573 0.04427334 0.0487106 9
0.08902791 0.247851 0.04716073 0.05157593 9
0.35274302 0.08237822 0.03368624 0.07879656 9
