0.17680075 0.55014749 0.04490178 0.05899705 9
0.16978485 0.13495575 0.04957905 0.06932153 9
0.24976614 0.23746313 0.03180543 0.07374631 9
0.27081384 0.26253687 0.03274088 0.07374631 9
0.46117867 0.26253687 0.05612722 0.07964602 9
0.51964453 0.50368732 0.03086997 0.07522124 9
0.56735267 0.55014749 0.03274088 0.07374631 9
0.58699719 0.57448378 0.02899906 0.06637168 9
0.73479888 0.69911504 0.02899906 0.06784661 9
0.77268475 0.75147493 0.03367633 0.07522124 9
0.91019645 0.91076696 0.02806361 0.06342183 9
0.88868101 0.20058997 0.03180543 0.07374631 9
0.93872778 0.23303835 0.03274088 0.07079646 9
0.98035547 0.27949853 0.03180543 0.07522124 9
0.3606174 0.34513274 0.02712816 0.0619469 9
0.44106642 0.42772861 0.02525725 0.05309735 9
0.6150608 0.5759587 0.02712816 0.05752212 9
0.63143124 0.42477876 0.04115996 0.05899705 9
