0.10346487 0.89882943 0.0452358 0.09866221 0
0.17661213 0.55434783 0.05293551 0.06856187 0
0.36333013 0.45652174 0.05293551 0.08026756 0
0.59576516 0.15217391 0.03849856 0.07692308 0
0.64148219 0.11204013 0.03176131 0.06688963 0
0.69538017 0.12123746 0.04716073 0.0819398 0
0.75216554 0.25167224 0.03946102 0.05183946 0
0.72521655 0.35117057 0.05486044 0.07023411 0
0.69393648 0.46070234 0.08084697 0.0819398 0
0.68864293 0.69816054 0.06063523 0.09531773 0
0.76130895 0.81438127 0.06159769 0.08026756 0
0.86188643 0.06354515 0.06641001 0.0735786 0
