0.06812652 0.84408602 0.03568532 0.09318996 1
0.10462287 0.56182796 0.05839416 0.11648746 1
0.23641525 0.63709677 0.04136253 0.09498208 1
0.29886456 0.22939068 0.03811841 0.11469534 1
0.44728305 0.07616487 0.04622871 0.06272401 1
0.54176805 0.32706093 0.03730738 0.11648746 1
0.56934307 0.49014337 0.06163828 0.09139785 1
0.44079481 0.76433692 0.06731549 0.05555556 1
0.67396594 0.13620072 0.04541768 0.05734767 1
0.73438767 0.19354839 0.04622871 0.05376344 1
0.76196269 0.46863799 0.04947283 0.0483871 1
0.71492295 0.82168459 0.05596107 0.12007168 1
0.82927818 0.15501792 0.03974047 0.05913978 1
0.88280616 0.30555556 0.03811841 0.04480287 1
0.93633414 0.26164875 0.03325223 0.06810036 1
