0.0418311 0.25227687 0.0394633 0.07468124 1
0.13259669 0.44535519 0.04893449 0.06739526 1
0.28808208 0.31147541 0.05051302 0.06193078 1
0.26164167 0.71584699 0.06235201 0.08378871 1
0.47395422 0.19216758 0.06866614 0.06375228 1
0.51617995 0.78324226 0.06471981 0.08378871 1
0.61760063 0.21311475 0.06866614 0.06557377 1
0.71783741 0.87340619 0.06550908 0.06010929 1
0.82320442 0.13570128 0.05367009 0.06010929 1
0.8851618 0.36429872 0.06077348 0.05464481 1
0.95264404 0.84790528 0.08208366 0.06375228 1
