0.09395973 0.15868794 0.04530201 0.06914894 1
0.20134228 0.06914894 0.03691275 0.05673759 1
0.10780201 0.57358156 0.03439597 0.05851064 1
0.34060403 0.19592199 0.03355705 0.05496454 1
0.28229866 0.36347518 0.05285235 0.07801418 1
0.34060403 0.55585106 0.05369128 0.06560284 1
0.58473154 0.17021277 0.04194631 0.05319149 1
0.48615772 0.56117021 0.04446309 0.05496454 1
0.63045302 0.70478723 0.06124161 0.06205674 1
0.69253356 0.10815603 0.04446309 0.04609929 1
0.79404362 0.26329787 0.0545302 0.05141844 1
0.94421141 0.17996454 0.07466443 0.04787234 1
0.40604027 0.95212766 0.06040268 0.07092199 1
