0.09264565 0.14106845 0.04393505 0.06176962 1
0.15472779 0.50751252 0.04584527 0.1803005 1
0.25119389 0.2312187 0.03438395 0.07846411 1
0.38443171 0.07762938 0.03724928 0.07846411 1
0.40639924 0.24791319 0.03151862 0.05509182 1
0.64422159 0.0884808 0.02387775 0.07345576 1
0.56733524 0.37979967 0.04011461 0.12186978 1
0.63705826 0.27796327 0.03247373 0.10517529 1
0.66905444 0.76293823 0.08882521 0.11352254 1
0.76552053 0.06510851 0.02196753 0.07011686 1
0.84192932 0.33722871 0.03151862 0.11018364 1
0.79990449 0.75626043 0.05444126 0.1736227 1
0.39732569 0.9048414 0.04393505 0.15358932 1
