0.06728343 0.8667263 0.0353238 0.11627907 1
0.2275021 0.47495528 0.02102607 0.07692308 1
0.25651808 0.75134168 0.0235492 0.08944544 1
0.45164003 0.3255814 0.02691337 0.09302326 1
0.42262405 0.7745975 0.02270816 0.09660107 1
0.57106812 0.15384615 0.05046257 0.06797853 1
0.58158116 0.36314848 0.03111859 0.06797853 1
0.7960471 0.25044723 0.05803196 0.05724508 1
0.91841884 0.25044723 0.05214466 0.04651163 1
0.68082422 0.55366726 0.04289319 0.11985689 1
0.90285955 0.53756708 0.07821699 0.08765653 1
0.90033642 0.83273703 0.04625736 0.07334526 1
