0.07419621 0.2450805 0.05111294 0.07871199 1
0.12118714 0.68694097 0.04451772 0.07871199 1
0.56512778 0.67710197 0.03215169 0.06976744 1
0.70527617 0.11806798 0.05028854 0.07871199 1
0.69826876 0.51878354 0.05276175 0.10375671 1
0.67065128 0.83810376 0.03215169 0.06976744 1
0.7860676 0.77101968 0.0370981 0.07871199 1
0.90107172 0.43559928 0.05605936 0.11270125 1
0.89859852 0.68336315 0.04781533 0.08944544 1
0.94847486 0.93112701 0.03215169 0.06976744 1
0.93899423 0.0706619 0.0362737 0.07692308 1
0.55894477 0.95974955 0.04451772 0.06976744 1
