0.17539964 0.56826241 0.13055062 0.18617021 7
0.13188277 0.69858156 0.13765542 0.18085106 7
0.45293073 0.16932624 0.07460036 0.13652482 7
0.55328597 0.17021277 0.05861456 0.15602837 7
0.64653641 0.16223404 0.05861456 0.16134752 7
0.72424512 0.14450355 0.06660746 0.16134752 7
0.79618117 0.13120567 0.06305506 0.15248227 7
0.84902309 0.1108156 0.04795737 0.16843972 7
0.76687389 0.57801418 0.05772647 0.20567376 7
0.87966252 0.47340426 0.09502664 0.08865248 7
0.88321492 0.61879433 0.13410302 0.08865248 7
