0.33191489 0.19009009 0.03829787 0.18558559 7
0.2712766 0.25675676 0.15957447 0.05945946 7
0.26223404 0.4018018 0.16276596 0.0972973 7
0.23351064 0.54594595 0.13085106 0.07207207 7
0.41755319 0.52252252 0.19893617 0.05765766 7
0.45106383 0.08198198 0.11276596 0.06666667 7
0.45531915 0.21711712 0.13191489 0.0954955 7
0.45053191 0.38108108 0.14148936 0.1027027 7
0.63244681 0.1045045 0.1287234 0.10810811 7
0.64893617 0.28018018 0.13404255 0.10630631 7
0.65957447 0.44684685 0.13829787 0.1009009 7
0.66702128 0.62072072 0.14255319 0.10630631 7
0.70106383 0.77207207 0.20425532 0.06666667 7
