0.1269685 0.52247191 0.12598425 0.16532905 7
0.2140748 0.44382022 0.10531496 0.16532905 7
0.29429134 0.3611557 0.09645669 0.16693419 7
0.36614173 0.2905297 0.08464567 0.13162119 7
0.46062992 0.15569823 0.07874016 0.22150883 7
0.53740157 0.16532905 0.06496063 0.22150883 7
0.59891732 0.16773676 0.06200787 0.21027287 7
0.65649606 0.17014446 0.05314961 0.20224719 7
0.70767717 0.16853933 0.04527559 0.20866774 7
0.75541339 0.17656501 0.03838583 0.21187801 7
0.80019685 0.17576244 0.03937008 0.21990369 7
0.84301181 0.17736758 0.04232283 0.22632424 7
0.74212598 0.34269663 0.16141732 0.05939005 7
0.79281496 0.4141252 0.25885827 0.08346709 7
0.79035433 0.49919743 0.25787402 0.08667737 7
0.79724409 0.59390048 0.26574803 0.08346709 7
0.79625984 0.70224719 0.27952756 0.10433387 7
0.79970472 0.81942215 0.29429134 0.1011236 7
