0.17426401 0.11021505 0.09781576 0.04480287 7
0.17711301 0.18727599 0.09591643 0.06272401 7
0.17426401 0.29032258 0.09591643 0.07168459 7
0.17094017 0.4202509 0.1025641 0.07706093 7
0.16001899 0.57078853 0.10921178 0.09498208 7
0.14150047 0.76075269 0.0968661 0.14157706 7
0.37416904 0.10125448 0.05508072 0.11290323 7
0.44396961 0.109319 0.05033238 0.14336918 7
0.42022792 0.25179211 0.0997151 0.0734767 7
0.82146249 0.57795699 0.06837607 0.0734767 7
0.82811016 0.69265233 0.09306743 0.07706093 7
0.84710351 0.82795699 0.10636277 0.10394265 7
