0.18771331 0.42592593 0.0665529 0.1005291 7
0.14803754 0.52910053 0.10153584 0.08112875 7
0.26322526 0.46119929 0.0725256 0.22045855 7
0.35153584 0.47883598 0.07337884 0.23809524 7
0.17619454 0.64726631 0.19880546 0.10582011 7
0.44112628 0.48589065 0.05119454 0.1957672 7
0.5081058 0.53262787 0.05375427 0.24338624 7
0.46331058 0.71604938 0.16723549 0.12345679 7
0.58233788 0.54232804 0.0503413 0.34391534 7
0.8366041 0.25661376 0.13395904 0.23104056 7
0.76279863 0.45238095 0.16552901 0.34391534 7
0.89334471 0.50352734 0.15187713 0.26631393 7
