0.0768453 0.25634921 0.05055612 0.24285714 7
0.16228514 0.23809524 0.0677452 0.22539683 7
0.31395349 0.21984127 0.15065723 0.21746032 7
0.43731041 0.16904762 0.18907988 0.23333333 7
0.20626896 0.61031746 0.26895854 0.1 7
0.12487361 0.79761905 0.06167846 0.14444444 7
0.21941355 0.80952381 0.06875632 0.19047619 7
0.31496461 0.82063492 0.07178969 0.23492063 7
0.39130435 0.54047619 0.06066734 0.20793651 7
0.50202224 0.3468254 0.0677452 0.12539683 7
0.59251769 0.33888889 0.07280081 0.15714286 7
0.67997978 0.35952381 0.0677452 0.2015873 7
0.75530839 0.38730159 0.05662285 0.21904762 7
0.8281092 0.41031746 0.0586451 0.22063492 7
0.9049545 0.47380952 0.08695652 0.21428571 7
0.8983822 0.6531746 0.11425683 0.08095238 7
0.90040445 0.78015873 0.12436805 0.09047619 7
0.87613751 0.88095238 0.17896866 0.11428571 7
