0.05635063 0.40754039 0.0822898 0.23698384 7
0.15608229 0.43806104 0.07960644 0.25852783 7
0.24731664 0.41561939 0.04919499 0.2962298 7
0.31529517 0.40664273 0.04203936 0.31059246 7
0.38461538 0.40843806 0.04293381 0.2962298 7
0.45080501 0.37163375 0.05008945 0.23698384 7
0.52280859 0.39138241 0.05813953 0.28366248 7
0.59481216 0.37612208 0.06440072 0.27468582 7
0.68694097 0.42639138 0.0822898 0.2459605 7
0.76341682 0.49820467 0.11359571 0.22441652 7
0.82781753 0.59156194 0.12075134 0.13824057 7
0.85599284 0.73788151 0.11806798 0.08976661 7
0.86493739 0.88061041 0.09660107 0.07719928 7
