0.12740385 0.68781726 0.05865385 0.08967851 0
0.11826923 0.92470389 0.06923077 0.09306261 0
0.21153846 0.69966159 0.06153846 0.10321489 0
0.3 0.67935702 0.05384615 0.0998308 0
0.21826923 0.42047377 0.04807692 0.08629442 0
0.29615385 0.3392555 0.05576923 0.09306261 0
0.40288462 0.17935702 0.04807692 0.07445008 0
0.60625 0.07698816 0.0625 0.07952623 0
0.59567308 0.28172589 0.06634615 0.09306261 0
0.69326923 0.34348562 0.04615385 0.08798646 0
0.79326923 0.31810491 0.05576923 0.09475465 0
0.73125 0.6463621 0.06442308 0.11167513 0
0.93221154 0.43993232 0.05865385 0.09137056 0
0.91201923 0.55922166 0.06634615 0.08967851 0
