0.34565916 0.21144279 0.04394427 0.11111111 4
0.39549839 0.21393035 0.04287245 0.10613599 4
0.44426581 0.21641791 0.04180064 0.10779436 4
0.49464094 0.22056385 0.04608789 0.11276949 4
0.38370847 0.37728027 0.04501608 0.12106136 4
0.43569132 0.37810945 0.04608789 0.11940299 4
0.48874598 0.38308458 0.0471597 0.12271973 4
0.54019293 0.38474295 0.04501608 0.12271973 4
0.59003215 0.38971808 0.04823151 0.12603648 4
0.40996785 0.56135987 0.05037513 0.13101161 4
0.46087889 0.5655058 0.04930332 0.13266998 4
0.50750268 0.56716418 0.05037513 0.13266998 4
0.61039657 0.53233831 0.11682744 0.09950249 5
